t a e i theta u omega type
1000	1.0074876069	0.06988	0.11786	4.418096	0.003737	1.207620	-1
2000	1.0073977838	0.06991	0.11786	4.227375	0.003692	1.208015	-1
3000	1.0073076746	0.06994	0.11788	4.039450	0.003647	1.208228	-1
4000	1.0072332866	0.06992	0.11788	3.853883	0.003610	1.208527	-1
5000	1.0072115515	0.06987	0.11790	3.669706	0.003599	1.208660	-1
6000	1.0071630594	0.06988	0.11789	3.485859	0.003575	1.208705	-1
7000	1.0071336792	0.06996	0.11790	3.302142	0.003560	1.208923	-1
8000	1.0071240926	0.06996	0.11790	3.118808	0.003556	1.209808	-1
9000	1.0071489400	0.06987	0.11792	2.935789	0.003568	1.210465	-1
10000	1.0071664580	0.06985	0.11792	2.752743	0.003577	1.210385	-1
11000	1.0072033162	0.06991	0.11792	2.569143	0.003595	1.209926	-1
12000	1.0072800782	0.06998	0.11792	2.384327	0.003633	1.210263	-1
13000	1.0073613022	0.06991	0.11792	2.197684	0.003674	1.211882	-1
14000	1.0074133907	0.06987	0.11793	2.008991	0.003700	1.212364	-1
15000	1.0074736056	0.06988	0.11793	1.818087	0.003730	1.211866	-1
16000	1.0075671400	0.06992	0.11794	1.625225	0.003776	1.211067	-1
17000	1.0076634505	0.06995	0.11793	1.430828	0.003824	1.212455	-1
18000	1.0076917613	0.06992	0.11794	1.235479	0.003838	1.213988	-1
19000	1.0076794049	0.06990	0.11794	1.039837	0.003832	1.214281	-1
20000	1.0076494352	0.06987	0.11796	0.844237	0.003817	1.213624	-1
21000	1.0075366687	0.06990	0.11796	0.650079	0.003761	1.214310	-1
22000	1.0072044882	0.06990	0.11799	0.460717	0.003596	1.217547	-1
23000	1.0061701375	0.06996	0.11807	0.285592	0.003080	1.225915	-1
24000	1.0018047683	0.06846	0.11894	0.173044	0.000902	1.266122	-1
25000	0.9976060620	0.06325	0.12258	0.171658	-0.001198	1.284871	-1
26000	0.9936045772	0.06240	0.12327	0.296862	-0.003203	1.330272	-1
27000	0.9928434686	0.06240	0.12332	0.474772	-0.003585	1.333511	-1
28000	0.9925848885	0.06239	0.12333	0.665702	-0.003715	1.335134	-1
29000	0.9924496061	0.06235	0.12335	0.861208	-0.003782	1.336510	-1
30000	0.9924191652	0.06243	0.12335	1.057815	-0.003798	1.337095	-1
31000	0.9924537086	0.06237	0.12337	1.254977	-0.003780	1.337293	-1
32000	0.9924856538	0.06234	0.12336	1.451449	-0.003764	1.337392	-1
33000	0.9925308491	0.06238	0.12337	1.647184	-0.003742	1.338105	-1
34000	0.9926081186	0.06239	0.12336	1.841361	-0.003703	1.338909	-1
35000	0.9926860666	0.06235	0.12337	2.033040	-0.003664	1.339173	-1
36000	0.9927402063	0.06239	0.12337	2.222682	-0.003637	1.340190	-1
37000	0.9928082387	0.06235	0.12338	2.409605	-0.003602	1.339330	-1
38000	0.9928864263	0.06242	0.12338	2.595104	-0.003563	1.339560	-1
39000	0.9928939916	0.06234	0.12339	2.779827	-0.003559	1.340832	-1
40000	0.9929497201	0.06240	0.12339	2.964084	-0.003531	1.339968	-1
41000	0.9929535406	0.06234	0.12339	3.148461	-0.003530	1.340913	-1
42000	0.9929396586	0.06236	0.12341	3.332599	-0.003536	1.340381	-1
43000	0.9929193550	0.06241	0.12341	3.516865	-0.003547	1.342214	-1
44000	0.9928689325	0.06235	0.12342	3.701403	-0.003572	1.341624	-1
45000	0.9928195659	0.06239	0.12341	3.886953	-0.003597	1.342447	-1
46000	0.9927576499	0.06241	0.12343	4.074649	-0.003628	1.342651	-1
47000	0.9926758491	0.06242	0.12343	4.264189	-0.003669	1.342450	-1
48000	0.9926118079	0.06239	0.12345	4.456397	-0.003701	1.343130	-1
49000	0.9925140821	0.06238	0.12346	4.650384	-0.003750	1.343646	-1
50000	0.9924721945	0.06241	0.12346	4.845718	-0.003771	1.342864	-1
51000	0.9924110495	0.06239	0.12347	5.042104	-0.003802	1.344100	-1
52000	0.9923912774	0.06238	0.12348	5.239035	-0.003812	1.344935	-1
53000	0.9924525155	0.06241	0.12348	5.436318	-0.003781	1.345634	-1
54000	0.9925714786	0.06235	0.12348	5.632089	-0.003721	1.346182	-1
55000	0.9929184319	0.06244	0.12348	5.822847	-0.003547	1.348728	-1
56000	0.9937482638	0.06248	0.12345	5.999144	-0.003131	1.354409	-1
57000	0.9997537273	0.06173	0.12347	6.106026	-0.000123	1.431141	-1
58000	1.0064001238	0.06137	0.12353	5.997611	0.003195	1.520854	-1
59000	1.0072614225	0.06143	0.12352	5.821764	0.003624	1.526175	-1
60000	1.0075599880	0.06147	0.12350	5.631681	0.003773	1.527537	-1
61000	1.0076931337	0.06144	0.12351	5.436598	0.003839	1.528380	-1
62000	1.0077144136	0.06145	0.12351	5.240267	0.003850	1.529516	-1
63000	1.0076993262	0.06143	0.12352	5.044121	0.003842	1.530881	-1
64000	1.0076384625	0.06146	0.12353	4.848695	0.003812	1.530477	-1
65000	1.0075637299	0.06143	0.12353	4.654024	0.003775	1.530539	-1
66000	1.0074926068	0.06142	0.12354	4.460552	0.003739	1.530333	-1
67000	1.0074304836	0.06148	0.12354	4.268929	0.003708	1.531740	-1
68000	1.0073466834	0.06149	0.12356	4.079621	0.003667	1.532049	-1
69000	1.0072699094	0.06145	0.12356	3.892740	0.003628	1.532396	-1
70000	1.0072066846	0.06138	0.12358	3.707583	0.003597	1.532181	-1
71000	1.0071903541	0.06146	0.12357	3.523621	0.003589	1.532171	-1
72000	1.0071716791	0.06151	0.12358	3.339838	0.003579	1.532781	-1
73000	1.0071539457	0.06150	0.12358	3.156030	0.003571	1.533585	-1
74000	1.0071476805	0.06141	0.12360	2.972263	0.003567	1.534354	-1
75000	1.0071858989	0.06141	0.12360	2.788366	0.003586	1.533707	-1
76000	1.0072434806	0.06149	0.12361	2.604130	0.003615	1.533790	-1
77000	1.0072924765	0.06152	0.12360	2.419123	0.003640	1.533933	-1
78000	1.0073516865	0.06147	0.12361	2.232543	0.003669	1.535699	-1
79000	1.0074240583	0.06142	0.12362	2.043961	0.003705	1.535812	-1
80000	1.0075153075	0.06148	0.12361	1.853072	0.003751	1.535489	-1
81000	1.0075758292	0.06148	0.12363	1.660194	0.003781	1.534775	-1
82000	1.0076488331	0.06151	0.12362	1.465354	0.003817	1.536124	-1
83000	1.0077002135	0.06147	0.12363	1.269300	0.003843	1.537467	-1
84000	1.0077261333	0.06150	0.12362	1.072808	0.003856	1.537152	-1
85000	1.0076831491	0.06146	0.12364	0.876781	0.003834	1.537177	-1
86000	1.0075771578	0.06147	0.12365	0.682096	0.003781	1.537804	-1
87000	1.0073030128	0.06146	0.12366	0.491259	0.003645	1.540943	-1
88000	1.0065897995	0.06154	0.12370	0.311484	0.003289	1.544596	-1
89000	1.0031167686	0.06130	0.12380	0.178614	0.001557	1.582859	-1
90000	0.9937378098	0.06155	0.12404	0.277952	-0.003136	1.715805	-1
91000	0.9927743224	0.06162	0.12407	0.455277	-0.003619	1.723946	-1
92000	0.9924860535	0.06163	0.12410	0.648487	-0.003764	1.725260	-1
93000	0.9923632086	0.06159	0.12410	0.847043	-0.003826	1.726926	-1
94000	0.9923353454	0.06160	0.12411	1.046828	-0.003840	1.727122	-1
95000	0.9923474593	0.06167	0.12410	1.246456	-0.003834	1.728353	-1
96000	0.9923821602	0.06157	0.12412	1.444731	-0.003816	1.727911	-1
97000	0.9924672401	0.06162	0.12411	1.641901	-0.003774	1.728336	-1
98000	0.9925106301	0.06160	0.12413	1.837745	-0.003752	1.728593	-1
99000	0.9925889830	0.06166	0.12412	2.032120	-0.003712	1.727872	-1
100000	0.9926737636	0.06160	0.12414	2.224707	-0.003670	1.729604	-1
101000	0.9927221665	0.06160	0.12413	2.414829	-0.003646	1.729245	-1
102000	0.9927660922	0.06162	0.12414	2.603138	-0.003624	1.729618	-1
103000	0.9928169507	0.06160	0.12414	2.789910	-0.003598	1.730180	-1
104000	0.9928491244	0.06163	0.12415	2.975783	-0.003582	1.731005	-1
105000	0.9928417958	0.06165	0.12415	3.162100	-0.003586	1.731258	-1
106000	0.9928419724	0.06158	0.12415	3.348777	-0.003585	1.730855	-1
107000	0.9928455236	0.06164	0.12417	3.536172	-0.003584	1.731435	-1
108000	0.9927591681	0.06163	0.12417	3.723993	-0.003627	1.732106	-1
109000	0.9927353322	0.06162	0.12418	3.912647	-0.003639	1.731367	-1
110000	0.9926617765	0.06158	0.12419	4.102485	-0.003676	1.732736	-1
111000	0.9925651119	0.06161	0.12420	4.294042	-0.003724	1.731892	-1
112000	0.9925094637	0.06166	0.12420	4.488301	-0.003752	1.732794	-1
113000	0.9924178380	0.06160	0.12422	4.684942	-0.003798	1.733570	-1
114000	0.9923632831	0.06166	0.12422	4.883544	-0.003826	1.733971	-1
115000	0.9923273714	0.06167	0.12422	5.083510	-0.003844	1.734129	-1
116000	0.9923090694	0.06164	0.12423	5.283338	-0.003853	1.733845	-1
117000	0.9923726677	0.06168	0.12423	5.482422	-0.003821	1.735614	-1
118000	0.9925132918	0.06162	0.12424	5.678698	-0.003750	1.736273	-1
119000	0.9929763730	0.06165	0.12422	5.868750	-0.003518	1.738655	-1
120000	0.9943939470	0.06190	0.12420	6.039925	-0.002807	1.751670	-1
121000	0.9995960922	0.06394	0.12255	6.119927	-0.000202	1.806135	-1
122000	1.0059729865	0.06746	0.12015	6.032130	0.002982	1.868804	-1
123000	1.0072817393	0.06760	0.12007	5.860583	0.003634	1.880092	-1
124000	1.0076088494	0.06758	0.12008	5.669803	0.003797	1.881760	-1
125000	1.0077401137	0.06762	0.12007	5.472419	0.003863	1.882083	-1
126000	1.0078111115	0.06761	0.12008	5.273138	0.003898	1.882419	-1
127000	1.0078176291	0.06763	0.12008	5.073715	0.003901	1.883133	-1
128000	1.0077479325	0.06764	0.12009	4.875360	0.003866	1.884520	-1
129000	1.0076703849	0.06766	0.12010	4.678446	0.003828	1.884422	-1
130000	1.0076018885	0.06762	0.12011	4.483066	0.003794	1.884588	-1
131000	1.0075419170	0.06760	0.12012	4.289143	0.003764	1.884634	-1
132000	1.0074583076	0.06764	0.12012	4.096839	0.003722	1.885180	-1
133000	1.0073926597	0.06768	0.12013	3.906101	0.003689	1.885256	-1
134000	1.0073426000	0.06767	0.12014	3.717222	0.003665	1.886008	-1
135000	1.0073136473	0.06763	0.12015	3.530073	0.003650	1.886218	-1
136000	1.0072671024	0.06764	0.12015	3.344414	0.003627	1.886448	-1
137000	1.0072694024	0.06766	0.12016	3.159034	0.003628	1.886252	-1
138000	1.0072831561	0.06770	0.12015	2.972959	0.003635	1.886497	-1
139000	1.0073220458	0.06766	0.12017	2.785840	0.003654	1.887062	-1
140000	1.0073413306	0.06765	0.12017	2.598011	0.003664	1.887821	-1
141000	1.0074061685	0.06765	0.12018	2.409475	0.003696	1.888038	-1
142000	1.0074593443	0.06765	0.12018	2.220079	0.003723	1.887287	-1
143000	1.0075413491	0.06764	0.12018	2.028961	0.003764	1.887905	-1
144000	1.0076119014	0.06766	0.12018	1.835981	0.003799	1.888495	-1
145000	1.0076958762	0.06769	0.12019	1.640697	0.003841	1.889427	-1
146000	1.0077426523	0.06764	0.12020	1.443309	0.003864	1.889290	-1
147000	1.0077788644	0.06763	0.12020	1.244263	0.003882	1.889543	-1
148000	1.0077921377	0.06761	0.12021	1.044394	0.003888	1.889945	-1
149000	1.0077823606	0.06769	0.12020	0.845150	0.003884	1.890422	-1
150000	1.0076638521	0.06768	0.12022	0.648233	0.003825	1.891717	-1
151000	1.0072943569	0.06764	0.12023	0.457038	0.003640	1.894079	-1
152000	1.0061128692	0.06769	0.12025	0.280643	0.003052	1.904842	-1
153000	1.0020666535	0.06889	0.11965	0.170735	0.001033	1.945040	-1
154000	1.0036813155	0.07143	0.11751	0.113717	0.001839	1.898823	0
155000	1.0048219906	0.07124	0.11760	0.001098	0.002408	1.862822	0
156000	1.0039276019	0.07090	0.11770	6.171873	0.001962	1.829353	0
157000	0.9997129810	0.07300	0.11615	6.115062	-0.000144	1.742410	0
158000	0.9956684385	0.07490	0.11504	6.165831	-0.002168	1.665523	0
159000	0.9954276229	0.07482	0.11500	0.000476	-0.002289	1.638435	0
160000	0.9965867208	0.07493	0.11511	0.117856	-0.001708	1.601936	0
161000	1.0018116604	0.07451	0.11522	0.148342	0.000905	1.511456	0
162000	1.0046244072	0.07464	0.11520	0.043575	0.002309	1.454095	0
163000	1.0048132424	0.07493	0.11516	6.205820	0.002404	1.429534	0
164000	1.0010274262	0.07497	0.11541	6.123661	0.000514	1.364263	0
165000	0.9954732097	0.07530	0.11594	6.190586	-0.002266	1.272584	0
166000	0.9952539577	0.07568	0.11588	0.027560	-0.002376	1.246046	0
167000	0.9967744524	0.07585	0.11589	0.138598	-0.001614	1.206616	0
168000	0.9947507211	0.07413	0.11770	0.224077	-0.002628	1.209053	-1
169000	0.9930269403	0.07365	0.11777	0.388691	-0.003493	1.220997	-1
170000	0.9925125153	0.07356	0.11780	0.578536	-0.003751	1.225017	-1
171000	0.9923441410	0.07360	0.11781	0.776680	-0.003835	1.226081	-1
172000	0.9922706662	0.07366	0.11782	0.978555	-0.003872	1.226468	-1
173000	0.9922807306	0.07359	0.11782	1.180596	-0.003867	1.227032	-1
174000	0.9923406930	0.07364	0.11783	1.381613	-0.003837	1.227857	-1
175000	0.9923549618	0.07361	0.11783	1.580670	-0.003830	1.227550	-1
176000	0.9924544541	0.07363	0.11784	1.777479	-0.003780	1.227063	-1
177000	0.9925112706	0.07361	0.11784	1.972795	-0.003751	1.228724	-1
178000	0.9925818809	0.07362	0.11785	2.166398	-0.003716	1.228211	-1
179000	0.9926440554	0.07361	0.11785	2.359234	-0.003685	1.228527	-1
180000	0.9926838568	0.07356	0.11786	2.550581	-0.003665	1.229591	-1
181000	0.9927431783	0.07364	0.11786	2.740144	-0.003635	1.230064	-1
182000	0.9927702649	0.07364	0.11786	2.928599	-0.003621	1.230830	-1
183000	0.9927946364	0.07357	0.11787	3.115591	-0.003609	1.230265	-1
184000	0.9928177953	0.07365	0.11787	3.302693	-0.003598	1.230983	-1
185000	0.9927530189	0.07363	0.11789	3.490303	-0.003630	1.230494	-1
186000	0.9927594107	0.07365	0.11789	3.679356	-0.003627	1.230745	-1
187000	0.9926732223	0.07359	0.11790	3.870073	-0.003670	1.231806	-1
188000	0.9925923288	0.07362	0.11791	4.061995	-0.003711	1.231119	-1
189000	0.9925410093	0.07361	0.11792	4.255784	-0.003737	1.231907	-1
190000	0.9924527358	0.07360	0.11792	4.450789	-0.003781	1.232677	-1
191000	0.9923747556	0.07364	0.11793	4.647572	-0.003820	1.233411	-1
192000	0.9923352081	0.07364	0.11793	4.846622	-0.003840	1.233607	-1
193000	0.9922897207	0.07364	0.11794	5.047001	-0.003863	1.233709	-1
194000	0.9922705006	0.07373	0.11795	5.248918	-0.003872	1.234593	-1
195000	0.9923067208	0.07364	0.11796	5.450232	-0.003854	1.234998	-1
196000	0.9924907274	0.07367	0.11796	5.649230	-0.003762	1.235868	-1
197000	0.9927929754	0.07363	0.11795	5.841693	-0.003610	1.238020	-1
198000	0.9939458642	0.07354	0.11794	6.015605	-0.003032	1.245094	-1
199000	1.0043448334	0.07064	0.11909	6.083668	0.002170	1.372593	-1
200000	1.0071191214	0.07053	0.11911	5.930650	0.003553	1.399965	-1
201000	1.0076513361	0.07050	0.11909	5.741463	0.003818	1.402161	-1
202000	1.0079030794	0.07051	0.11909	5.542930	0.003944	1.402762	-1
203000	1.0079953160	0.07056	0.11908	5.340453	0.003990	1.404506	-1
204000	1.0079818148	0.07052	0.11910	5.136441	0.003983	1.406056	-1
205000	1.0079133650	0.07052	0.11910	4.932534	0.003949	1.406378	-1
206000	1.0078638393	0.07049	0.11911	4.730029	0.003924	1.405697	-1
207000	1.0078027068	0.07053	0.11912	4.529559	0.003894	1.405699	-1
208000	1.0077348930	0.07053	0.11913	4.331304	0.003860	1.406976	-1
209000	1.0076451486	0.07057	0.11913	4.135182	0.003815	1.407536	-1
210000	1.0075783509	0.07053	0.11914	3.940710	0.003782	1.407636	-1
211000	1.0075233000	0.07054	0.11915	3.747387	0.003755	1.407273	-1
212000	1.0074774933	0.07053	0.11916	3.555039	0.003732	1.408534	-1
213000	1.0074535316	0.07056	0.11917	3.363439	0.003720	1.408225	-1
214000	1.0074565279	0.07057	0.11916	3.172402	0.003721	1.408627	-1
215000	1.0074679700	0.07056	0.11917	2.981799	0.003727	1.408235	-1
216000	1.0074828416	0.07056	0.11917	2.791562	0.003734	1.409851	-1
217000	1.0075090879	0.07053	0.11919	2.600810	0.003747	1.409937	-1
218000	1.0075887369	0.07056	0.11919	2.408321	0.003787	1.409445	-1
219000	1.0076493880	0.07052	0.11919	2.213504	0.003817	1.409080	-1
220000	1.0077287344	0.07060	0.11919	2.016547	0.003857	1.410201	-1
221000	1.0077881626	0.07057	0.11920	1.818023	0.003886	1.411610	-1
222000	1.0078724184	0.07056	0.11920	1.618460	0.003928	1.411208	-1
223000	1.0079217604	0.07048	0.11920	1.417573	0.003953	1.411302	-1
224000	1.0079590291	0.07053	0.11921	1.215472	0.003972	1.410949	-1
225000	1.0079790729	0.07059	0.11921	1.011883	0.003982	1.412524	-1
226000	1.0079487757	0.07059	0.11922	0.808139	0.003966	1.413147	-1
227000	1.0077837375	0.07051	0.11923	0.606652	0.003884	1.414431	-1
228000	1.0073007660	0.07043	0.11926	0.411975	0.003644	1.416751	-1
229000	1.0056165194	0.07060	0.11942	0.238273	0.002804	1.432363	-1
230000	0.9944723355	0.06856	0.12060	0.219552	-0.002768	1.568410	-1
231000	0.9922460944	0.06840	0.12072	0.404778	-0.003885	1.590755	-1
232000	0.9918207032	0.06842	0.12074	0.613465	-0.004098	1.593201	-1
233000	0.9917007530	0.06849	0.12076	0.828733	-0.004158	1.594321	-1
234000	0.9916582426	0.06841	0.12076	1.045676	-0.004180	1.594643	-1
235000	0.9916680152	0.06841	0.12077	1.262802	-0.004175	1.595770	-1
236000	0.9917255543	0.06844	0.12077	1.479468	-0.004146	1.596806	-1
237000	0.9917955648	0.06846	0.12077	1.694922	-0.004111	1.595886	-1
238000	0.9918563906	0.06846	0.12077	1.909025	-0.004080	1.597872	-1
239000	0.9919236295	0.06842	0.12078	2.120733	-0.004046	1.597414	-1
240000	0.9920066188	0.06849	0.12078	2.330242	-0.004005	1.597521	-1
241000	0.9920262304	0.06838	0.12079	2.537523	-0.003995	1.597321	-1
242000	0.9921040460	0.06851	0.12079	2.743093	-0.003956	1.597942	-1
243000	0.9921146430	0.06844	0.12080	2.948182	-0.003951	1.598494	-1
244000	0.9921264209	0.06846	0.12080	3.153135	-0.003945	1.597675	-1
245000	0.9921360275	0.06844	0.12082	3.358887	-0.003940	1.599159	-1
246000	0.9920962813	0.06847	0.12082	3.564953	-0.003960	1.598530	-1
247000	0.9920503343	0.06845	0.12083	3.772017	-0.003983	1.599802	-1
248000	0.9919956561	0.06842	0.12083	3.979920	-0.004010	1.600586	-1
249000	0.9919319757	0.06846	0.12084	4.188875	-0.004042	1.600371	-1
250000	0.9918497636	0.06849	0.12085	4.400134	-0.004084	1.600482	-1
251000	0.9917676671	0.06846	0.12085	4.613362	-0.004125	1.601193	-1
252000	0.9917221664	0.06851	0.12086	4.829073	-0.004148	1.601605	-1
253000	0.9916453532	0.06846	0.12087	5.046463	-0.004186	1.601376	-1
254000	0.9916501534	0.06848	0.12088	5.264293	-0.004184	1.601403	-1
255000	0.9916923501	0.06851	0.12088	5.481557	-0.004163	1.602963	-1
256000	0.9918712328	0.06849	0.12088	5.695368	-0.004073	1.603473	-1
257000	0.9924070357	0.06850	0.12087	5.901900	-0.003804	1.607413	-1
258000	0.9941494927	0.06855	0.12077	6.080516	-0.002930	1.621825	-1
259000	0.9948400925	0.07133	0.11873	6.183076	-0.002583	1.607166	0
260000	0.9941337103	0.07157	0.11881	0.047305	-0.002938	1.576874	0
261000	0.9978475897	0.07127	0.11890	0.162498	-0.001077	1.504571	0
262000	1.0057952862	0.06817	0.12164	0.059417	0.002893	1.357439	0
263000	1.0055404245	0.06858	0.12159	6.197372	0.002766	1.324396	0
264000	1.0037717130	0.06504	0.12425	6.110985	0.001884	1.273503	-1
265000	1.0074106384	0.06460	0.12439	5.958076	0.003698	1.312812	-1
266000	1.0080418923	0.06457	0.12437	5.759962	0.004013	1.316004	-1
267000	1.0082685589	0.06459	0.12437	5.552067	0.004126	1.317069	-1
268000	1.0083483533	0.06461	0.12436	5.340319	0.004165	1.318733	-1
269000	1.0083375463	0.06455	0.12437	5.127302	0.004160	1.319818	-1
270000	1.0083049442	0.06458	0.12438	4.914315	0.004144	1.320063	-1
271000	1.0082237264	0.06458	0.12439	4.702407	0.004103	1.319722	-1
272000	1.0081648847	0.06459	0.12440	4.492369	0.004074	1.319657	-1
273000	1.0080903543	0.06457	0.12441	4.284518	0.004037	1.320728	-1
274000	1.0080284521	0.06460	0.12441	4.078768	0.004006	1.320611	-1
275000	1.0079436645	0.06462	0.12442	3.875085	0.003964	1.321039	-1
276000	1.0079039882	0.06460	0.12443	3.672889	0.003944	1.321303	-1
277000	1.0078665096	0.06455	0.12444	3.471297	0.003925	1.322353	-1
278000	1.0078424837	0.06455	0.12444	3.269913	0.003914	1.321970	-1
279000	1.0078375141	0.06460	0.12444	3.068668	0.003911	1.321676	-1
280000	1.0078822717	0.06463	0.12445	2.867643	0.003933	1.322060	-1
281000	1.0079159892	0.06460	0.12445	2.666569	0.003950	1.323798	-1
282000	1.0079399429	0.06455	0.12446	2.464995	0.003962	1.324086	-1
283000	1.0079933262	0.06457	0.12446	2.261928	0.003989	1.323435	-1
284000	1.0080895903	0.06458	0.12447	2.056547	0.004037	1.322854	-1
285000	1.0081824859	0.06464	0.12446	1.848593	0.004083	1.324054	-1
286000	1.0082366083	0.06461	0.12447	1.638518	0.004110	1.325577	-1
287000	1.0082731595	0.06458	0.12447	1.427197	0.004128	1.325655	-1
288000	1.0083298439	0.06455	0.12448	1.215147	0.004156	1.325244	-1
289000	1.0083468218	0.06458	0.12449	1.002749	0.004165	1.325215	-1
290000	1.0082995348	0.06460	0.12449	0.790734	0.004141	1.326850	-1
291000	1.0081351965	0.06463	0.12450	0.580596	0.004059	1.327706	-1
292000	1.0076576050	0.06453	0.12452	0.377506	0.003821	1.330483	-1
293000	1.0051019272	0.06416	0.12467	0.200561	0.002548	1.355989	-1
294000	0.9944799103	0.06156	0.12635	0.225707	-0.002764	1.494684	-1
295000	0.9928117371	0.06121	0.12636	0.398713	-0.003601	1.509696	-1
296000	0.9923647743	0.06117	0.12638	0.593317	-0.003825	1.511908	-1
297000	0.9922046190	0.06118	0.12639	0.795513	-0.003905	1.514121	-1
298000	0.9921431792	0.06122	0.12640	0.999642	-0.003936	1.513977	-1
299000	0.9921878758	0.06124	0.12640	1.203848	-0.003914	1.514656	-1
300000	0.9922125358	0.06117	0.12641	1.406886	-0.003901	1.515113	-1
301000	0.9922858919	0.06124	0.12641	1.608279	-0.003865	1.515108	-1
302000	0.9923689663	0.06124	0.12642	1.808626	-0.003823	1.514888	-1
303000	0.9924393272	0.06120	0.12642	2.006992	-0.003788	1.515535	-1
304000	0.9924869365	0.06120	0.12643	2.204254	-0.003764	1.516298	-1
305000	0.9925469761	0.06118	0.12643	2.399477	-0.003734	1.516673	-1
306000	0.9926064417	0.06118	0.12644	2.592608	-0.003704	1.516024	-1
307000	0.9926233426	0.06123	0.12643	2.784361	-0.003695	1.518410	-1
308000	0.9926560309	0.06119	0.12645	2.974808	-0.003679	1.517591	-1
309000	0.9926866584	0.06123	0.12644	3.165205	-0.003663	1.518027	-1
310000	0.9926441715	0.06115	0.12646	3.356075	-0.003685	1.518202	-1
311000	0.9926490567	0.06128	0.12646	3.547856	-0.003682	1.518093	-1
312000	0.9925985407	0.06119	0.12647	3.740678	-0.003708	1.518816	-1
313000	0.9925423392	0.06120	0.12648	3.934142	-0.003736	1.518181	-1
314000	0.9924902214	0.06122	0.12649	4.129185	-0.003762	1.519543	-1
315000	0.9924001374	0.06123	0.12650	4.325431	-0.003807	1.518731	-1
316000	0.9923344197	0.06122	0.12650	4.523932	-0.003840	1.520321	-1
317000	0.9922547758	0.06121	0.12651	4.725031	-0.003880	1.521099	-1
318000	0.9921890974	0.06122	0.12651	4.928063	-0.003913	1.520434	-1
319000	0.9921613922	0.06123	0.12652	5.132685	-0.003927	1.520880	-1
320000	0.9921451676	0.06124	0.12653	5.337223	-0.003935	1.522100	-1
321000	0.9922497431	0.06128	0.12653	5.540411	-0.003883	1.522493	-1
322000	0.9924508863	0.06123	0.12653	5.739719	-0.003782	1.523974	-1
323000	0.9929655138	0.06123	0.12652	5.929636	-0.003524	1.526078	-1
324000	0.9952643164	0.06119	0.12636	6.088290	-0.002371	1.549940	-1
325000	1.0053921082	0.06375	0.12406	6.068597	0.002692	1.684483	-1
326000	1.0071043904	0.06393	0.12397	5.906222	0.003546	1.698266	-1
327000	1.0075827248	0.06390	0.12395	5.717976	0.003784	1.702131	-1
328000	1.0077752948	0.06392	0.12395	5.521304	0.003880	1.703465	-1
329000	1.0078261715	0.06388	0.12396	5.321118	0.003905	1.704434	-1
330000	1.0078129071	0.06383	0.12396	5.120153	0.003899	1.704082	-1
331000	1.0077954637	0.06390	0.12396	4.919906	0.003890	1.704503	-1
332000	1.0077418319	0.06396	0.12397	4.721465	0.003863	1.704919	-1
333000	1.0076673165	0.06395	0.12398	4.524980	0.003826	1.706108	-1
334000	1.0075747241	0.06385	0.12400	4.330432	0.003780	1.706608	-1
335000	1.0075113111	0.06386	0.12400	4.137423	0.003749	1.706063	-1
336000	1.0074530101	0.06392	0.12401	3.945538	0.003720	1.705850	-1
337000	1.0074087012	0.06398	0.12401	3.755055	0.003697	1.706341	-1
338000	1.0073557976	0.06392	0.12402	3.565892	0.003671	1.707933	-1
339000	1.0073232129	0.06387	0.12403	3.378359	0.003655	1.707950	-1
340000	1.0073216122	0.06391	0.12404	3.191907	0.003654	1.707794	-1
341000	1.0073193544	0.06393	0.12404	3.005777	0.003653	1.707031	-1
342000	1.0073464398	0.06395	0.12404	2.818838	0.003666	1.708397	-1
343000	1.0073884248	0.06391	0.12405	2.630369	0.003687	1.709482	-1
344000	1.0074403975	0.06394	0.12405	2.440427	0.003713	1.709112	-1
345000	1.0074826594	0.06391	0.12406	2.249483	0.003734	1.708885	-1
346000	1.0075526893	0.06394	0.12406	2.057377	0.003769	1.709095	-1
347000	1.0076469911	0.06393	0.12407	1.863812	0.003816	1.710107	-1
348000	1.0077116158	0.06393	0.12406	1.668149	0.003848	1.709727	-1
349000	1.0077688207	0.06395	0.12407	1.470656	0.003877	1.710269	-1
350000	1.0078097308	0.06393	0.12408	1.271220	0.003897	1.710456	-1
351000	1.0078468760	0.06391	0.12409	1.070539	0.003916	1.711781	-1
352000	1.0078167321	0.06388	0.12409	0.869780	0.003901	1.711607	-1
353000	1.0076968831	0.06392	0.12410	0.670830	0.003841	1.711801	-1
354000	1.0074026422	0.06392	0.12411	0.476970	0.003694	1.714135	-1
355000	1.0066051032	0.06401	0.12416	0.296430	0.003297	1.721119	-1
356000	1.0024629502	0.06422	0.12385	0.172618	0.001231	1.767572	-1
357000	0.9945048951	0.06850	0.12115	0.231162	-0.002751	1.865220	-1
358000	0.9928940076	0.06864	0.12116	0.398357	-0.003559	1.880466	-1
359000	0.9924660575	0.06866	0.12117	0.589079	-0.003774	1.882655	-1
360000	0.9922975651	0.06868	0.12119	0.787350	-0.003859	1.883872	-1
361000	0.9922594411	0.06865	0.12119	0.989039	-0.003878	1.884267	-1
362000	0.9922613581	0.06865	0.12120	1.191345	-0.003877	1.884576	-1
363000	0.9922940179	0.06870	0.12120	1.393554	-0.003860	1.884661	-1
364000	0.9923493649	0.06862	0.12121	1.593810	-0.003833	1.885710	-1
365000	0.9924399203	0.06863	0.12121	1.791872	-0.003787	1.885630	-1
366000	0.9924962727	0.06863	0.12122	1.987762	-0.003759	1.886613	-1
367000	0.9925665238	0.06861	0.12123	2.181677	-0.003724	1.885441	-1
368000	0.9926520604	0.06864	0.12123	2.374311	-0.003681	1.887469	-1
369000	0.9926732523	0.06861	0.12123	2.565766	-0.003670	1.887208	-1
370000	0.9927223384	0.06867	0.12123	2.756199	-0.003646	1.887099	-1
371000	0.9927578066	0.06863	0.12124	2.945629	-0.003628	1.887485	-1
372000	0.9927643734	0.06870	0.12124	3.133628	-0.003624	1.888035	-1
373000	0.9927447405	0.06868	0.12126	3.321553	-0.003634	1.888315	-1
374000	0.9927269679	0.06859	0.12126	3.509658	-0.003643	1.888623	-1
375000	0.9927024032	0.06862	0.12127	3.699120	-0.003656	1.888899	-1
376000	0.9926210685	0.06866	0.12128	3.890435	-0.003696	1.889576	-1
377000	0.9925783556	0.06863	0.12129	4.083665	-0.003718	1.889179	-1
378000	0.9925242617	0.06865	0.12129	4.278563	-0.003745	1.890565	-1
379000	0.9924194904	0.06864	0.12130	4.474794	-0.003798	1.890303	-1
380000	0.9923842040	0.06871	0.12131	4.672423	-0.003815	1.889961	-1
381000	0.9923080858	0.06863	0.12131	4.871610	-0.003853	1.891031	-1
382000	0.9922562348	0.06868	0.12132	5.072323	-0.003879	1.890958	-1
383000	0.9922494114	0.06868	0.12133	5.274645	-0.003883	1.891167	-1
384000	0.9922839540	0.06865	0.12134	5.476790	-0.003866	1.891244	-1
385000	0.9924351204	0.06869	0.12134	5.676804	-0.003790	1.893590	-1
386000	0.9928724881	0.06866	0.12133	5.869400	-0.003570	1.897301	-1
387000	0.9944657284	0.06895	0.12120	6.041131	-0.002771	1.909502	-1
388000	0.9968505935	0.07030	0.11995	6.144697	-0.001576	1.921374	0
389000	0.9954175620	0.07064	0.11984	6.251371	-0.002294	1.875144	0
390000	0.9955029286	0.07063	0.11998	0.085683	-0.002251	1.845123	0
391000	0.9997382876	0.07146	0.11923	0.157678	-0.000131	1.766335	0
392000	1.0044889183	0.07320	0.11818	0.097913	0.002242	1.684096	0
393000	1.0047876077	0.07333	0.11827	6.263224	0.002391	1.654545	0
394000	1.0030031062	0.07362	0.11830	6.151677	0.001500	1.612014	0
395000	0.9970535367	0.07595	0.11782	6.138502	-0.001474	1.510451	0
396000	0.9954931086	0.07640	0.11738	6.248653	-0.002256	1.469259	0
397000	0.9956329184	0.07666	0.11753	0.088318	-0.002186	1.441086	0
398000	0.9992679658	0.07659	0.11770	0.159577	-0.000366	1.374247	0
399000	1.0044501958	0.07661	0.11829	0.081036	0.002223	1.287072	0
400000	1.0049607977	0.07718	0.11820	6.245244	0.002477	1.261252	0
401000	1.0028685894	0.07756	0.11828	6.141445	0.001433	1.217983	0
402000	0.9965511950	0.07735	0.11986	6.146326	-0.001726	1.115536	0
403000	0.9955421840	0.07796	0.11986	6.250118	-0.002231	1.083782	0
404000	0.9960447476	0.07875	0.11966	0.085000	-0.001980	1.052935	0
405000	0.9965521297	0.07858	0.12031	0.176951	-0.001725	1.023218	-1
406000	0.9934261407	0.07706	0.12115	0.320036	-0.003292	1.044345	-1
407000	0.9926135972	0.07692	0.12121	0.505039	-0.003700	1.050071	-1
408000	0.9923631930	0.07698	0.12122	0.701661	-0.003826	1.050609	-1
409000	0.9922379307	0.07690	0.12122	0.902129	-0.003889	1.052108	-1
410000	0.9922343700	0.07695	0.12123	1.103715	-0.003890	1.051898	-1
411000	0.9922611303	0.07695	0.12123	1.305431	-0.003877	1.053819	-1
412000	0.9922923765	0.07689	0.12124	1.506440	-0.003861	1.052874	-1
413000	0.9924007241	0.07695	0.12124	1.706043	-0.003807	1.054067	-1
414000	0.9924568598	0.07694	0.12125	1.903880	-0.003779	1.053576	-1
415000	0.9925441357	0.07703	0.12124	2.099174	-0.003735	1.054180	-1
416000	0.9926355541	0.07697	0.12126	2.292190	-0.003689	1.054856	-1
417000	0.9926923693	0.07699	0.12125	2.482749	-0.003661	1.054553	-1
418000	0.9927266491	0.07694	0.12127	2.672466	-0.003643	1.054670	-1
419000	0.9927533772	0.07692	0.12127	2.861410	-0.003630	1.055819	-1
420000	0.9927682671	0.07693	0.12127	3.050395	-0.003622	1.056024	-1
421000	0.9927535414	0.07694	0.12127	3.239656	-0.003630	1.056460	-1
422000	0.9927248547	0.07690	0.12128	3.428892	-0.003644	1.056438	-1
423000	0.9927200412	0.07702	0.12129	3.618127	-0.003647	1.057176	-1
424000	0.9926476645	0.07696	0.12129	3.807765	-0.003683	1.057462	-1
425000	0.9926089458	0.07697	0.12131	3.998447	-0.003702	1.057040	-1
426000	0.9925481191	0.07697	0.12131	4.191501	-0.003733	1.057900	-1
427000	0.9924698797	0.07700	0.12132	4.386567	-0.003772	1.057087	-1
428000	0.9923809253	0.07699	0.12133	4.584611	-0.003817	1.058010	-1
429000	0.9923183498	0.07691	0.12134	4.784528	-0.003848	1.059357	-1
430000	0.9922794720	0.07698	0.12134	4.985627	-0.003868	1.059298	-1
431000	0.9922416147	0.07695	0.12135	5.187349	-0.003887	1.060077	-1
432000	0.9922856932	0.07693	0.12135	5.388704	-0.003865	1.060347	-1
433000	0.9923998723	0.07700	0.12135	5.588771	-0.003807	1.062371	-1
434000	0.9926079304	0.07694	0.12135	5.784541	-0.003703	1.062250	-1
435000	0.9934339593	0.07686	0.12134	5.968156	-0.003288	1.067285	-1
436000	0.9987846524	0.07484	0.12203	6.100629	-0.000608	1.122490	-1
437000	1.0056277134	0.07164	0.12379	6.046394	0.002810	1.193095	-1
438000	1.0070724441	0.07128	0.12371	5.879009	0.003530	1.202741	-1
439000	1.0075646963	0.07124	0.12369	5.690273	0.003775	1.206876	-1
440000	1.0077141001	0.07122	0.12370	5.494586	0.003850	1.208323	-1
441000	1.0077395966	0.07125	0.12370	5.296913	0.003862	1.208629	-1
442000	1.0077573413	0.07122	0.12372	5.099226	0.003871	1.208418	-1
443000	1.0077432884	0.07125	0.12371	4.902169	0.003864	1.208796	-1
444000	1.0076899030	0.07127	0.12372	4.705918	0.003838	1.210292	-1
445000	1.0075770834	0.07128	0.12373	4.510945	0.003781	1.210572	-1
446000	1.0074962715	0.07123	0.12374	4.317548	0.003741	1.210608	-1
447000	1.0074336053	0.07121	0.12375	4.126037	0.003710	1.210346	-1
448000	1.0073885169	0.07127	0.12375	3.936651	0.003687	1.211062	-1
449000	1.0073092149	0.07132	0.12376	3.749164	0.003648	1.211401	-1
450000	1.0072539249	0.07128	0.12376	3.563309	0.003620	1.212222	-1
451000	1.0072192704	0.07122	0.12378	3.378353	0.003603	1.212010	-1
452000	1.0072133124	0.07124	0.12378	3.193751	0.003600	1.212488	-1
453000	1.0072097731	0.07130	0.12379	3.008683	0.003598	1.212109	-1
454000	1.0072474287	0.07132	0.12379	2.822834	0.003617	1.212919	-1
455000	1.0072707570	0.07124	0.12379	2.636362	0.003629	1.213185	-1
456000	1.0073257207	0.07127	0.12379	2.449605	0.003656	1.213929	-1
457000	1.0073691086	0.07127	0.12381	2.262136	0.003678	1.213677	-1
458000	1.0074675355	0.07131	0.12381	2.072997	0.003727	1.213520	-1
459000	1.0075413934	0.07123	0.12381	1.881170	0.003764	1.214154	-1
460000	1.0076264030	0.07129	0.12381	1.686841	0.003806	1.214656	-1
461000	1.0076770919	0.07129	0.12381	1.490554	0.003831	1.215331	-1
462000	1.0077490347	0.07129	0.12382	1.293182	0.003867	1.215162	-1
463000	1.0077770139	0.07121	0.12382	1.095109	0.003881	1.216005	-1
464000	1.0077508472	0.07122	0.12383	0.897292	0.003868	1.216027	-1
465000	1.0076671915	0.07129	0.12383	0.700682	0.003826	1.216878	-1
466000	1.0074416121	0.07131	0.12385	0.507911	0.003714	1.218160	-1
467000	1.0067836891	0.07118	0.12387	0.325834	0.003386	1.222300	-1
468000	1.0030195611	0.07022	0.12425	0.184689	0.001509	1.257777	-1
469000	0.9941527269	0.06671	0.12630	0.230068	-0.002928	1.352675	-1
470000	0.9929334650	0.06658	0.12637	0.400703	-0.003540	1.360600	-1
471000	0.9924765904	0.06653	0.12638	0.592842	-0.003769	1.363125	-1
472000	0.9922992794	0.06656	0.12640	0.792565	-0.003858	1.365618	-1
473000	0.9922546236	0.06656	0.12640	0.994811	-0.003880	1.365751	-1
474000	0.9922666097	0.06654	0.12640	1.196699	-0.003874	1.366043	-1
475000	0.9922924580	0.06660	0.12641	1.397634	-0.003861	1.366533	-1
476000	0.9923524315	0.06655	0.12642	1.596536	-0.003831	1.366793	-1
477000	0.9924448167	0.06655	0.12643	1.794139	-0.003785	1.366569	-1
478000	0.9924796914	0.06651	0.12643	1.990361	-0.003767	1.367463	-1
479000	0.9925817244	0.06657	0.12644	2.185077	-0.003716	1.366471	-1
480000	0.9926411875	0.06655	0.12643	2.378278	-0.003686	1.368233	-1
481000	0.9926825729	0.06650	0.12644	2.569376	-0.003665	1.368120	-1
482000	0.9927527403	0.06656	0.12644	2.758812	-0.003630	1.368897	-1
483000	0.9927675394	0.06649	0.12645	2.946933	-0.003623	1.368402	-1
484000	0.9927871040	0.06658	0.12644	3.134430	-0.003613	1.369140	-1
485000	0.9927811148	0.06658	0.12646	3.322747	-0.003616	1.370033	-1
486000	0.9927519957	0.06658	0.12646	3.511500	-0.003631	1.369192	-1
487000	0.9927024611	0.06655	0.12647	3.701750	-0.003656	1.370054	-1
488000	0.9926264124	0.06655	0.12648	3.892823	-0.003694	1.370421	-1
489000	0.9925789835	0.06658	0.12649	4.084933	-0.003717	1.370496	-1
490000	0.9924913665	0.06651	0.12650	4.278632	-0.003761	1.371350	-1
491000	0.9924130594	0.06653	0.12650	4.474080	-0.003801	1.371322	-1
492000	0.9923638274	0.06660	0.12651	4.672106	-0.003825	1.371606	-1
493000	0.9922894523	0.06657	0.12651	4.872321	-0.003863	1.371875	-1
494000	0.9922702019	0.06658	0.12652	5.073946	-0.003872	1.372954	-1
495000	0.9922744005	0.06661	0.12653	5.276513	-0.003870	1.373106	-1
496000	0.9923251213	0.06657	0.12653	5.477500	-0.003845	1.372892	-1
497000	0.9924869882	0.06659	0.12653	5.675978	-0.003764	1.374722	-1
498000	0.9928719990	0.06657	0.12654	5.867353	-0.003570	1.378049	-1
499000	0.9940571184	0.06647	0.12648	6.039404	-0.002976	1.384863	-1
500000	1.0045610935	0.06687	0.12496	6.089293	0.002278	1.524114	-1
501000	1.0073027933	0.06693	0.12480	5.929486	0.003645	1.552007	-1
502000	1.0078117968	0.06696	0.12478	5.736520	0.003898	1.554621	-1
503000	1.0080286395	0.06688	0.12479	5.534238	0.004006	1.555161	-1
504000	1.0080956468	0.06690	0.12479	5.328069	0.004040	1.555904	-1
505000	1.0081238723	0.06693	0.12479	5.120718	0.004054	1.557049	-1
506000	1.0080622000	0.06699	0.12479	4.913778	0.004023	1.557264	-1
507000	1.0080015590	0.06694	0.12481	4.708835	0.003993	1.557841	-1
508000	1.0079150460	0.06689	0.12481	4.506174	0.003950	1.557895	-1
509000	1.0078558713	0.06690	0.12483	4.305745	0.003920	1.558366	-1
510000	1.0077621797	0.06695	0.12483	4.106526	0.003874	1.557907	-1
511000	1.0076962394	0.06697	0.12484	3.908280	0.003841	1.558471	-1
512000	1.0076434460	0.06693	0.12484	3.711322	0.003814	1.559000	-1
513000	1.0076071181	0.06692	0.12485	3.515858	0.003796	1.560091	-1
514000	1.0075598287	0.06692	0.12486	3.321678	0.003773	1.559617	-1
515000	1.0075453356	0.06694	0.12486	3.128488	0.003766	1.559608	-1
516000	1.0075718109	0.06691	0.12487	2.935292	0.003779	1.559651	-1
517000	1.0076228631	0.06696	0.12487	2.741270	0.003804	1.560815	-1
518000	1.0076499709	0.06695	0.12488	2.546004	0.003818	1.561370	-1
519000	1.0076891023	0.06694	0.12488	2.349262	0.003837	1.561189	-1
520000	1.0077641676	0.06688	0.12489	2.150817	0.003875	1.561337	-1
521000	1.0078666730	0.06692	0.12488	1.950798	0.003926	1.561283	-1
522000	1.0079551247	0.06698	0.12489	1.749202	0.003970	1.562238	-1
523000	1.0080047198	0.06698	0.12489	1.546191	0.003994	1.562488	-1
524000	1.0080615667	0.06691	0.12490	1.341462	0.004023	1.563456	-1
525000	1.0080979283	0.06687	0.12490	1.135414	0.004041	1.563403	-1
526000	1.0081075316	0.06694	0.12491	0.928473	0.004046	1.563766	-1
527000	1.0080198915	0.06698	0.12492	0.722191	0.004002	1.563656	-1
528000	1.0078005990	0.06695	0.12492	0.519579	0.003893	1.565802	-1
529000	1.0070894909	0.06682	0.12495	0.327702	0.003538	1.571103	-1
530000	1.0017705808	0.06719	0.12458	0.178823	0.000885	1.636355	-1
531000	0.9944026295	0.06955	0.12290	0.245731	-0.002803	1.726363	-1
532000	0.9927463245	0.06942	0.12291	0.421961	-0.003633	1.741959	-1
533000	0.9923500523	0.06945	0.12294	0.617298	-0.003832	1.745008	-1
534000	0.9921776888	0.06944	0.12294	0.818858	-0.003919	1.745935	-1
535000	0.9921489535	0.06941	0.12295	1.022780	-0.003933	1.745639	-1
536000	0.9921726204	0.06946	0.12295	1.227468	-0.003921	1.747526	-1
537000	0.9921807550	0.06945	0.12296	1.431865	-0.003917	1.747523	-1
538000	0.9922696224	0.06946	0.12296	1.634957	-0.003873	1.747637	-1
539000	0.9923197287	0.06942	0.12296	1.836067	-0.003848	1.748307	-1
540000	0.9924037728	0.06951	0.12296	2.034369	-0.003805	1.747910	-1
541000	0.9924787090	0.06951	0.12297	2.230550	-0.003768	1.748257	-1
542000	0.9925267684	0.06943	0.12298	2.424567	-0.003744	1.748478	-1
543000	0.9925969074	0.06947	0.12298	2.617772	-0.003708	1.748915	-1
544000	0.9926197785	0.06943	0.12299	2.810376	-0.003697	1.749425	-1
545000	0.9926628452	0.06945	0.12299	3.002595	-0.003675	1.749165	-1
546000	0.9926645347	0.06945	0.12300	3.194447	-0.003675	1.751176	-1
547000	0.9926351355	0.06943	0.12300	3.385871	-0.003689	1.750126	-1
548000	0.9926423709	0.06947	0.12301	3.577305	-0.003686	1.750583	-1
549000	0.9925706760	0.06945	0.12301	3.769364	-0.003722	1.750841	-1
550000	0.9925113053	0.06952	0.12302	3.962921	-0.003751	1.751241	-1
551000	0.9924574728	0.06947	0.12303	4.159049	-0.003778	1.751334	-1
552000	0.9923768703	0.06947	0.12304	4.357092	-0.003819	1.751451	-1
553000	0.9922790307	0.06950	0.12305	4.557629	-0.003868	1.751680	-1
554000	0.9922168932	0.06946	0.12306	4.759585	-0.003899	1.752804	-1
555000	0.9921826999	0.06945	0.12307	4.962496	-0.003916	1.752892	-1
556000	0.9921279108	0.06948	0.12307	5.166476	-0.003944	1.754130	-1
557000	0.9921587789	0.06945	0.12308	5.370565	-0.003928	1.753336	-1
558000	0.9922861291	0.06951	0.12307	5.574101	-0.003864	1.755466	-1
559000	0.9924883342	0.06948	0.12308	5.773735	-0.003763	1.756746	-1
560000	0.9931892622	0.06951	0.12304	5.962016	-0.003411	1.759976	-1
561000	0.9964206264	0.06993	0.12235	6.106021	-0.001791	1.792461	-1
562000	0.9952896319	0.07189	0.12136	6.198165	-0.002358	1.752989	0
563000	0.9953082006	0.07190	0.12152	0.036111	-0.002349	1.724682	0
564000	0.9982171012	0.07240	0.12139	0.140987	-0.000892	1.663743	0
565000	1.0037230295	0.07449	0.12062	0.112179	0.001860	1.572331	0
566000	1.0046530513	0.07485	0.12045	6.276197	0.002324	1.534927	0
567000	1.0043238560	0.07533	0.12067	6.159850	0.002160	1.506459	0
568000	0.9970475219	0.07733	0.12009	6.147317	-0.001477	1.392890	0
569000	0.9950825337	0.07815	0.12009	6.259935	-0.002462	1.352015	0
570000	0.9954546614	0.07864	0.12004	0.098736	-0.002275	1.325670	0
571000	0.9996838404	0.07758	0.12133	0.160303	-0.000158	1.247858	0
572000	1.0038815617	0.07556	0.12360	0.122568	0.001939	1.159273	0
573000	1.0045431231	0.07621	0.12351	0.013862	0.002269	1.128593	0
574000	1.0035276823	0.07709	0.12345	6.181722	0.001762	1.091000	0
575000	1.0016381759	0.07662	0.12448	6.121961	0.000819	1.041757	0
576000	1.0062693710	0.07319	0.12617	6.018546	0.003130	1.079515	-1
577000	1.0074497346	0.07309	0.12615	5.839632	0.003718	1.089261	-1
578000	1.0077780196	0.07307	0.12615	5.644049	0.003881	1.091249	-1
579000	1.0079069221	0.07312	0.12615	5.443190	0.003946	1.091164	-1
580000	1.0079412587	0.07304	0.12616	5.241133	0.003963	1.092204	-1
581000	1.0079262971	0.07305	0.12617	5.039174	0.003955	1.092394	-1
582000	1.0079028115	0.07310	0.12617	4.838136	0.003944	1.093385	-1
583000	1.0078319816	0.07312	0.12618	4.637841	0.003908	1.092476	-1
584000	1.0077337011	0.07311	0.12618	4.439131	0.003859	1.093894	-1
585000	1.0076516319	0.07304	0.12619	4.242113	0.003818	1.094330	-1
586000	1.0075926501	0.07308	0.12620	4.047063	0.003789	1.094492	-1
587000	1.0075186498	0.07306	0.12621	3.853748	0.003752	1.093719	-1
588000	1.0074630717	0.07313	0.12621	3.662160	0.003725	1.094154	-1
589000	1.0074288118	0.07307	0.12622	3.472210	0.003707	1.095665	-1
590000	1.0074050520	0.07308	0.12622	3.283088	0.003696	1.096113	-1
591000	1.0073855818	0.07304	0.12623	3.093842	0.003686	1.095723	-1
592000	1.0073863312	0.07307	0.12623	2.903989	0.003686	1.094960	-1
593000	1.0074468291	0.07307	0.12624	2.713111	0.003716	1.096371	-1
594000	1.0075049171	0.07311	0.12624	2.521499	0.003745	1.097147	-1
595000	1.0075393453	0.07308	0.12624	2.329307	0.003763	1.097565	-1
596000	1.0075881619	0.07303	0.12625	2.136248	0.003787	1.096812	-1
597000	1.0076899369	0.07304	0.12624	1.941223	0.003838	1.097657	-1
598000	1.0077852095	0.07309	0.12626	1.743820	0.003885	1.097777	-1
599000	1.0078596019	0.07314	0.12625	1.543824	0.003922	1.098599	-1
600000	1.0078962857	0.07306	0.12626	1.341902	0.003940	1.098904	-1
601000	1.0079443493	0.07304	0.12626	1.139050	0.003964	1.099528	-1
602000	1.0079317647	0.07303	0.12627	0.936503	0.003958	1.099937	-1
603000	1.0078702587	0.07310	0.12627	0.735498	0.003927	1.099967	-1
604000	1.0076719341	0.07310	0.12628	0.537693	0.003829	1.100907	-1
605000	1.0071071530	0.07300	0.12631	0.348634	0.003547	1.104454	-1
606000	1.0041707003	0.07226	0.12660	0.190266	0.002083	1.130104	-1
607000	0.9985063600	0.06791	0.13023	0.153110	-0.000747	1.164417	-1
608000	0.9935794999	0.06523	0.13055	0.278819	-0.003215	1.203883	-1
609000	0.9926276763	0.06511	0.13062	0.461802	-0.003693	1.210447	-1
610000	0.9923287760	0.06520	0.13062	0.659424	-0.003843	1.213407	-1
611000	0.9921997810	0.06511	0.13064	0.861982	-0.003908	1.212992	-1
612000	0.9922043112	0.06515	0.13064	1.066046	-0.003906	1.213263	-1
613000	0.9921920641	0.06512	0.13065	1.269610	-0.003912	1.213976	-1
614000	0.9922388892	0.06518	0.13065	1.471510	-0.003888	1.213390	-1
615000	0.9923181037	0.06510	0.13066	1.672115	-0.003848	1.214689	-1
616000	0.9923791221	0.06511	0.13066	1.871067	-0.003818	1.214432	-1
617000	0.9924391481	0.06514	0.13066	2.069002	-0.003788	1.215201	-1
618000	0.9925264455	0.06513	0.13067	2.265394	-0.003744	1.215866	-1
619000	0.9925978095	0.06513	0.13066	2.459542	-0.003708	1.216705	-1
620000	0.9926356171	0.06515	0.13067	2.652119	-0.003689	1.216994	-1
621000	0.9926778248	0.06509	0.13067	2.842658	-0.003668	1.216434	-1
622000	0.9927318155	0.06515	0.13068	3.032309	-0.003641	1.216867	-1
623000	0.9926830266	0.06513	0.13068	3.222008	-0.003665	1.217590	-1
624000	0.9926921233	0.06515	0.13070	3.412416	-0.003661	1.216782	-1
625000	0.9926452375	0.06510	0.13070	3.604126	-0.003684	1.218180	-1
626000	0.9925793083	0.06512	0.13071	3.796785	-0.003717	1.217429	-1
627000	0.9925286036	0.06516	0.13071	3.990785	-0.003743	1.218470	-1
628000	0.9924456142	0.06508	0.13072	4.185951	-0.003784	1.219199	-1
629000	0.9923895461	0.06515	0.13072	4.382314	-0.003813	1.219366	-1
630000	0.9923183418	0.06517	0.13073	4.581013	-0.003848	1.219352	-1
631000	0.9922447121	0.06514	0.13074	4.781673	-0.003885	1.219150	-1
632000	0.9922170301	0.06517	0.13075	4.984395	-0.003899	1.220829	-1
633000	0.9921659459	0.06513	0.13076	5.188452	-0.003925	1.220717	-1
634000	0.9922254443	0.06513	0.13076	5.392491	-0.003895	1.220388	-1
635000	0.9923170203	0.06511	0.13077	5.594772	-0.003849	1.222335	-1
636000	0.9925455380	0.06515	0.13076	5.792081	-0.003734	1.223142	-1
637000	0.9933005503	0.06503	0.13074	5.977422	-0.003355	1.227888	-1
638000	0.9981206920	0.06414	0.13051	6.113611	-0.000940	1.285459	-1
639000	1.0074067836	0.06322	0.13008	6.002889	0.003697	1.410449	-1
640000	1.0081922352	0.06314	0.13003	5.802796	0.004088	1.415263	-1
641000	1.0084873152	0.06303	0.13004	5.590226	0.004235	1.417600	-1
642000	1.0085631662	0.06299	0.13004	5.372914	0.004272	1.418337	-1
643000	1.0085623160	0.06302	0.13005	5.154041	0.004272	1.418468	-1
644000	1.0085432751	0.06310	0.13005	4.934926	0.004262	1.418068	-1
645000	1.0084938319	0.06310	0.13005	4.717236	0.004238	1.419385	-1
646000	1.0084132907	0.06304	0.13006	4.501587	0.004198	1.420416	-1
647000	1.0083052097	0.06302	0.13007	4.288495	0.004144	1.420951	-1
648000	1.0082357227	0.06305	0.13008	4.077553	0.004109	1.419966	-1
649000	1.0081747088	0.06308	0.13008	3.867871	0.004079	1.420111	-1
650000	1.0081438104	0.06305	0.13009	3.659057	0.004064	1.420805	-1
651000	1.0080905421	0.06308	0.13009	3.450768	0.004037	1.421975	-1
652000	1.0080655499	0.06307	0.13010	3.243312	0.004025	1.421792	-1
653000	1.0080631809	0.06309	0.13010	3.036705	0.004023	1.421708	-1
654000	1.0081007657	0.06302	0.13012	2.830505	0.004042	1.422388	-1
655000	1.0081305916	0.06306	0.13012	2.623926	0.004057	1.422500	-1
656000	1.0081997244	0.06309	0.13012	2.415756	0.004091	1.422702	-1
657000	1.0082542650	0.06311	0.13012	2.205383	0.004119	1.422282	-1
658000	1.0083503881	0.06307	0.13012	1.992843	0.004166	1.423846	-1
659000	1.0084027390	0.06305	0.13013	1.778615	0.004193	1.424224	-1
660000	1.0084938890	0.06306	0.13013	1.563026	0.004238	1.424176	-1