t a e i theta u omega type
-708000	0.9917714468	0.15757	0.08551	5.183470	-0.004123	4.382184	-1
-707000	0.9917978918	0.15757	0.08552	5.397598	-0.004110	4.382623	-1
-706000	0.9918738183	0.15755	0.08552	5.611662	-0.004071	4.383523	-1
-705000	0.9923267086	0.15740	0.08550	5.818737	-0.003844	4.385534	-1
-704000	1.0033538693	0.15745	0.08203	5.958859	0.001675	4.452940	-1
-703000	1.0064631306	0.15723	0.08185	5.824949	0.003226	4.470072	-1
-702000	1.0069713927	0.15724	0.08182	5.652796	0.003480	4.471879	-1
-701000	1.0072096799	0.15720	0.08181	5.469983	0.003598	4.473354	-1
-700000	1.0072101540	0.15715	0.08181	5.285855	0.003599	4.474389	-1
-699000	1.0071931816	0.15713	0.08181	5.101846	0.003590	4.475258	-1
-698000	1.0071834300	0.15711	0.08182	4.919012	0.003585	4.474902	-1
-697000	1.0071350596	0.15712	0.08181	4.736600	0.003561	4.475333	-1
-696000	1.0071193729	0.15721	0.08181	4.554307	0.003553	4.476006	-1
-695000	1.0069995742	0.15721	0.08181	4.374229	0.003494	4.477301	-1
-694000	1.0068978297	0.15710	0.08182	4.196251	0.003443	4.477386	-1
-693000	1.0068194709	0.15710	0.08182	4.020224	0.003404	4.477392	-1
-692000	1.0067862682	0.15711	0.08182	3.845555	0.003387	4.477602	-1
-691000	1.0067975070	0.15730	0.08181	3.671897	0.003393	4.478238	-1
-690000	1.0066967879	0.15716	0.08182	3.500137	0.003343	4.479521	-1
-689000	1.0066421600	0.15711	0.08182	3.329755	0.003316	4.479281	-1
-688000	1.0066236036	0.15709	0.08182	3.159613	0.003306	4.479632	-1
-687000	1.0066820359	0.15720	0.08182	2.988412	0.003335	4.479271	-1
-686000	1.0067477487	0.15727	0.08180	2.815967	0.003368	4.480982	-1
-685000	1.0067085065	0.15712	0.08181	2.643094	0.003349	4.481233	-1
-684000	1.0067309361	0.15711	0.08181	2.470649	0.003360	4.481687	-1
-683000	1.0068121210	0.15713	0.08181	2.297550	0.003400	4.481352	-1
-682000	1.0069338362	0.15725	0.08180	2.122192	0.003461	4.481725	-1
-681000	1.0070111115	0.15717	0.08180	1.944109	0.003499	4.483217	-1
-680000	1.0070351997	0.15714	0.08180	1.763495	0.003511	4.483757	-1
-679000	1.0070906815	0.15711	0.08180	1.581641	0.003539	4.483765	-1
-678000	1.0071773859	0.15718	0.08179	1.398646	0.003582	4.483622	-1
-677000	1.0072659013	0.15715	0.08179	1.214412	0.003626	4.484479	-1
-676000	1.0072875289	0.15721	0.08178	1.029329	0.003637	4.485718	-1
-675000	1.0071779504	0.15714	0.08179	0.844343	0.003583	4.486627	-1
-674000	1.0070302360	0.15717	0.08180	0.662796	0.003509	4.486909	-1
-673000	1.0066679223	0.15713	0.08180	0.487740	0.003328	4.488826	-1
-672000	1.0048436420	0.15698	0.08194	0.335735	0.002419	4.498240	-1
-671000	1.0026052891	0.15429	0.08678	0.278423	0.001302	4.514868	-1
-670000	1.0048111915	0.15440	0.08716	0.179793	0.002403	4.498811	0
-669000	1.0051934288	0.15455	0.08708	0.049088	0.002593	4.492077	0
-668000	1.0053120960	0.15470	0.08708	6.197506	0.002652	4.487135	0
-667000	1.0047056411	0.15493	0.08701	6.070091	0.002350	4.480001	0
-666000	0.9983592199	0.15641	0.08615	6.000866	-0.000821	4.436812	0
-665000	0.9952118753	0.15737	0.08591	6.091991	-0.002397	4.413665	0
-664000	0.9948788028	0.15742	0.08588	6.219319	-0.002564	4.408691	0
-663000	0.9949973233	0.15767	0.08582	0.071588	-0.002505	4.402768	0
-662000	0.9952055936	0.15776	0.08584	0.201013	-0.002400	4.399297	-1
-661000	0.9968727250	0.15721	0.08683	0.298422	-0.001565	4.388045	-1
-660000	0.9938580075	0.15673	0.08781	0.430542	-0.003076	4.408286	-1
-659000	0.9931823819	0.15666	0.08784	0.599844	-0.003415	4.410573	-1
-658000	0.9930479798	0.15670	0.08784	0.778787	-0.003482	4.411567	-1
-657000	0.9928847577	0.15661	0.08786	0.961897	-0.003564	4.412289	-1
-656000	0.9928605774	0.15667	0.08785	1.146664	-0.003576	4.412639	-1
-655000	0.9928797396	0.15654	0.08786	1.332598	-0.003567	4.414204	-1
-654000	0.9929127267	0.15658	0.08785	1.517816	-0.003550	4.414507	-1
-653000	0.9930512756	0.15666	0.08784	1.700228	-0.003480	4.415210	-1
-652000	0.9931778767	0.15674	0.08783	1.880400	-0.003417	4.415417	-1
-651000	0.9932380038	0.15667	0.08784	2.056749	-0.003387	4.416231	-1
-650000	0.9933064095	0.15670	0.08784	2.231744	-0.003352	4.415928	-1
-649000	0.9933003032	0.15657	0.08784	2.404945	-0.003356	4.416489	-1
-648000	0.9933872952	0.15662	0.08784	2.578065	-0.003312	4.416325	-1
-647000	0.9933747856	0.15660	0.08783	2.750999	-0.003318	4.418391	-1
-646000	0.9933879326	0.15657	0.08784	2.923565	-0.003312	4.417924	-1
-645000	0.9934952763	0.15666	0.08782	3.094596	-0.003258	4.418974	-1
-644000	0.9934400262	0.15664	0.08783	3.264326	-0.003285	4.418827	-1
-643000	0.9934585474	0.15674	0.08782	3.433271	-0.003276	4.419044	-1
-642000	0.9934214222	0.15661	0.08784	3.603452	-0.003295	4.419274	-1
-641000	0.9933709940	0.15666	0.08783	3.774667	-0.003320	4.419538	-1
-640000	0.9932400747	0.15658	0.08784	3.949635	-0.003386	4.420133	-1
-639000	0.9932126658	0.15664	0.08783	4.126808	-0.003400	4.421349	-1
-638000	0.9931509494	0.15660	0.08783	4.304717	-0.003430	4.422204	-1
-637000	0.9931181268	0.15672	0.08783	4.484019	-0.003447	4.422357	-1
-636000	0.9930426310	0.15665	0.08783	4.663392	-0.003485	4.422382	-1
-635000	0.9930511563	0.15672	0.08783	4.844260	-0.003481	4.422504	-1
-634000	0.9929182034	0.15667	0.08784	5.026695	-0.003547	4.423458	-1
-633000	0.9929337938	0.15668	0.08784	5.210900	-0.003539	4.423072	-1
-632000	0.9929082642	0.15658	0.08784	5.396626	-0.003552	4.424512	-1
-631000	0.9930273365	0.15658	0.08784	5.580739	-0.003492	4.425107	-1
-630000	0.9933805183	0.15667	0.08782	5.758849	-0.003315	4.428030	-1
-629000	0.9944873492	0.15644	0.08776	5.918455	-0.002760	4.433055	-1
-628000	1.0043366626	0.15598	0.08603	5.938480	0.002166	4.492450	-1
-627000	1.0061578384	0.15579	0.08593	5.799441	0.003074	4.502352	-1
-626000	1.0065653769	0.15582	0.08592	5.636160	0.003277	4.503573	-1
-625000	1.0067709157	0.15572	0.08591	5.465451	0.003380	4.505201	-1
-624000	1.0068956789	0.15579	0.08590	5.290586	0.003442	4.505698	-1
-623000	1.0068606952	0.15576	0.08590	5.115362	0.003424	4.507242	-1
-622000	1.0068105740	0.15573	0.08591	4.940723	0.003399	4.507091	-1
-621000	1.0067547151	0.15569	0.08591	4.766939	0.003372	4.507933	-1
-620000	1.0066895285	0.15571	0.08591	4.594325	0.003339	4.507970	-1
-619000	1.0066765106	0.15582	0.08590	4.422545	0.003333	4.508664	-1
-618000	1.0065801964	0.15575	0.08592	4.253886	0.003285	4.509372	-1
-617000	1.0064799257	0.15572	0.08591	4.088029	0.003235	4.509947	-1
-616000	1.0063819852	0.15567	0.08592	3.924164	0.003186	4.510059	-1
-615000	1.0063494270	0.15578	0.08592	3.761055	0.003170	4.510223	-1
-614000	1.0063855715	0.15582	0.08591	3.597589	0.003188	4.510808	-1
-613000	1.0062966989	0.15577	0.08592	3.435136	0.003143	4.511496	-1
-612000	1.0062214935	0.15568	0.08592	3.274366	0.003106	4.512101	-1
-611000	1.0062129993	0.15575	0.08592	3.114854	0.003102	4.511810	-1
-610000	1.0062937794	0.15578	0.08592	2.955202	0.003142	4.512026	-1
-609000	1.0063307555	0.15580	0.08591	2.794576	0.003160	4.513045	-1
-608000	1.0062869682	0.15573	0.08592	2.632747	0.003139	4.514225	-1
-607000	1.0063278863	0.15571	0.08592	2.470216	0.003159	4.513808	-1
-606000	1.0064200699	0.15575	0.08592	2.306076	0.003205	4.513872	-1
-605000	1.0065464551	0.15578	0.08591	2.139777	0.003268	4.514124	-1
-604000	1.0065588440	0.15578	0.08591	1.971528	0.003274	4.516037	-1
-603000	1.0066091900	0.15568	0.08592	1.802709	0.003299	4.516004	-1
-602000	1.0066941484	0.15572	0.08591	1.632887	0.003341	4.515945	-1
-601000	1.0067749936	0.15568	0.08591	1.461103	0.003382	4.516038	-1
-600000	1.0068730001	0.15585	0.08590	1.286633	0.003431	4.516994	-1
-599000	1.0068562446	0.15572	0.08591	1.109774	0.003422	4.518389	-1
-598000	1.0068335642	0.15574	0.08591	0.933907	0.003411	4.518326	-1
-597000	1.0067380057	0.15568	0.08591	0.760618	0.003363	4.518948	-1
-596000	1.0065317243	0.15574	0.08592	0.591467	0.003260	4.519560	-1
-595000	1.0058994212	0.15579	0.08594	0.432260	0.002945	4.524036	-1
-594000	1.0008359315	0.15502	0.08705	0.308689	0.000418	4.553914	-1
-593000	0.9952278152	0.15370	0.08878	0.366919	-0.002389	4.587789	-1
-592000	0.9938720044	0.15369	0.08886	0.515988	-0.003069	4.595564	-1
-591000	0.9934955061	0.15376	0.08887	0.680268	-0.003258	4.597341	-1
-590000	0.9933923873	0.15373	0.08888	0.851155	-0.003309	4.597994	-1
-589000	0.9933077121	0.15372	0.08888	1.024079	-0.003352	4.598516	-1
-588000	0.9933444318	0.15374	0.08888	1.198406	-0.003333	4.598686	-1
-587000	0.9932981208	0.15368	0.08889	1.372725	-0.003357	4.599104	-1
-586000	0.9933624842	0.15362	0.08889	1.545826	-0.003324	4.599928	-1
-585000	0.9934414970	0.15366	0.08889	1.717403	-0.003285	4.601098	-1
-584000	0.9934979665	0.15362	0.08888	1.886506	-0.003256	4.601254	-1
-583000	0.9936495571	0.15372	0.08888	2.052723	-0.003180	4.601521	-1
-582000	0.9937305422	0.15376	0.08887	2.217599	-0.003140	4.602471	-1
-581000	0.9937946182	0.15373	0.08887	2.380219	-0.003108	4.602120	-1
-580000	0.9938059142	0.15368	0.08887	2.542903	-0.003102	4.602536	-1
-579000	0.9938081446	0.15359	0.08889	2.703915	-0.003101	4.603466	-1
-578000	0.9938456458	0.15368	0.08888	2.864457	-0.003082	4.603712	-1
-577000	0.9939068209	0.15366	0.08888	3.023682	-0.003051	4.604547	-1
-576000	0.9938917056	0.15368	0.08887	3.181398	-0.003059	4.604737	-1
-575000	0.9939254296	0.15373	0.08887	3.339597	-0.003042	4.604952	-1
-574000	0.9938311058	0.15369	0.08887	3.498616	-0.003089	4.604788	-1
-573000	0.9938293924	0.15365	0.08888	3.659042	-0.003090	4.605497	-1
-572000	0.9937235009	0.15362	0.08889	3.821604	-0.003143	4.606238	-1
-571000	0.9936517603	0.15361	0.08889	3.985357	-0.003179	4.606251	-1
-570000	0.9936497782	0.15367	0.08888	4.149500	-0.003180	4.607083	-1
-569000	0.9935956194	0.15374	0.08888	4.315145	-0.003207	4.608166	-1
-568000	0.9935409895	0.15375	0.08889	4.481654	-0.003235	4.607919	-1
-567000	0.9934676363	0.15373	0.08888	4.651295	-0.003272	4.608095	-1
-566000	0.9933592922	0.15362	0.08890	4.822891	-0.003326	4.608591	-1
-565000	0.9933204096	0.15373	0.08889	4.997263	-0.003345	4.609040	-1
-564000	0.9932705900	0.15362	0.08890	5.172286	-0.003370	4.610481	-1
-563000	0.9933038538	0.15362	0.08890	5.346760	-0.003354	4.610735	-1
-562000	0.9934632698	0.15372	0.08889	5.519226	-0.003274	4.612180	-1
-561000	0.9936215872	0.15371	0.08888	5.686781	-0.003194	4.612585	-1
-560000	0.9943190564	0.15361	0.08885	5.843907	-0.002845	4.616050	0
-559000	0.9975134607	0.15344	0.08815	5.963946	-0.001244	4.635482	0
-558000	0.9976090089	0.15589	0.08426	5.997888	-0.001196	4.638108	0
-557000	0.9962723237	0.15655	0.08379	6.078077	-0.001866	4.626826	0
-556000	0.9954235060	0.15678	0.08370	6.191472	-0.002291	4.619397	0
-555000	0.9952364496	0.15699	0.08370	0.028700	-0.002385	4.614193	0
-554000	0.9955336880	0.15699	0.08371	0.147629	-0.002236	4.608639	0
-553000	0.9971628821	0.15710	0.08381	0.248522	-0.001420	4.597033	0
-552000	1.0029192627	0.15704	0.08509	0.265358	0.001459	4.560660	0
-551000	1.0040054703	0.15701	0.08517	0.177128	0.002001	4.549870	0
-550000	1.0047221635	0.15718	0.08516	0.061951	0.002358	4.542667	0
-549000	1.0048368839	0.15729	0.08514	6.222827	0.002415	4.538460	0
-548000	1.0042376153	0.15744	0.08512	6.106884	0.002117	4.532397	0
-547000	1.0018760168	0.15797	0.08492	6.016207	0.000938	4.514826	0
-546000	0.9973816964	0.15955	0.08429	6.025521	-0.001310	4.483519	0
-545000	0.9958386961	0.15972	0.08399	6.124213	-0.002083	4.471309	0
-544000	0.9953695459	0.15999	0.08395	6.242066	-0.002318	4.465013	0
-543000	0.9952810619	0.16005	0.08392	0.079219	-0.002362	4.460821	0
-542000	0.9959696789	0.16007	0.08393	0.193080	-0.002017	4.453906	0
-541000	0.9981933188	0.15984	0.08472	0.276232	-0.000904	4.441186	-1
-540000	0.9962072921	0.15886	0.08695	0.336014	-0.001898	4.455763	-1
-539000	0.9941759736	0.15852	0.08718	0.472949	-0.002916	4.467053	-1
-538000	0.9935700157	0.15840	0.08722	0.634548	-0.003220	4.469767	-1
-537000	0.9933886115	0.15847	0.08723	0.804854	-0.003311	4.470538	-1
-536000	0.9933061735	0.15837	0.08724	0.979460	-0.003353	4.471812	-1
-535000	0.9932840013	0.15840	0.08723	1.154700	-0.003364	4.472364	-1
-534000	0.9933661725	0.15848	0.08723	1.327728	-0.003322	4.473600	-1
-533000	0.9934583506	0.15854	0.08722	1.499269	-0.003276	4.473482	-1
-532000	0.9935255807	0.15849	0.08722	1.667924	-0.003243	4.473815	-1
-531000	0.9935518333	0.15855	0.08723	1.836284	-0.003229	4.473951	-1
-530000	0.9935656210	0.15843	0.08723	2.003116	-0.003222	4.474976	-1
-529000	0.9936697234	0.15841	0.08723	2.169521	-0.003170	4.474714	-1
-528000	0.9937179442	0.15841	0.08722	2.334166	-0.003146	4.476566	-1
-527000	0.9937744281	0.15842	0.08722	2.496154	-0.003118	4.476123	-1
-526000	0.9939134892	0.15853	0.08721	2.655679	-0.003048	4.476902	-1
-525000	0.9938952254	0.15843	0.08722	2.813484	-0.003057	4.476934	-1
-524000	0.9939525050	0.15852	0.08722	2.970859	-0.003028	4.477240	-1
-523000	0.9939136877	0.15840	0.08723	3.129345	-0.003048	4.477440	-1
-522000	0.9939128839	0.15844	0.08722	3.288267	-0.003048	4.477692	-1
-521000	0.9938631995	0.15838	0.08723	3.448226	-0.003073	4.479437	-1
-520000	0.9938859668	0.15849	0.08722	3.608520	-0.003062	4.479414	-1
-519000	0.9938564622	0.15846	0.08722	3.767259	-0.003077	4.479709	-1
-518000	0.9937826239	0.15855	0.08723	3.927680	-0.003114	4.479698	-1
-517000	0.9936666521	0.15845	0.08723	4.089470	-0.003172	4.480556	-1
-516000	0.9936279728	0.15844	0.08724	4.254532	-0.003191	4.480256	-1
-515000	0.9934808787	0.15837	0.08724	4.422537	-0.003265	4.481947	-1
-514000	0.9934189218	0.15841	0.08725	4.593157	-0.003296	4.481490	-1
-513000	0.9934393254	0.15853	0.08723	4.764509	-0.003286	4.482869	-1
-512000	0.9933517893	0.15843	0.08724	4.935847	-0.003330	4.482974	-1
-511000	0.9933818443	0.15856	0.08724	5.107327	-0.003315	4.483511	-1
-510000	0.9933562480	0.15845	0.08725	5.279703	-0.003327	4.483650	-1
-509000	0.9934560658	0.15850	0.08724	5.451407	-0.003277	4.484185	-1
-508000	0.9935547013	0.15839	0.08725	5.622475	-0.003228	4.485819	-1
-507000	0.9938846035	0.15837	0.08722	5.786811	-0.003062	4.487562	-1
-506000	0.9955094750	0.15815	0.08712	5.928554	-0.002248	4.496338	-1
-505000	1.0043611872	0.15824	0.08493	5.943201	0.002178	4.549168	-1
-504000	1.0059778649	0.15821	0.08483	5.807988	0.002984	4.558862	-1
-503000	1.0065069962	0.15810	0.08480	5.646080	0.003248	4.560653	-1
-502000	1.0066601674	0.15800	0.08480	5.477902	0.003325	4.562073	-1
-501000	1.0067430390	0.15799	0.08480	5.307318	0.003366	4.562289	-1
-500000	1.0067860507	0.15812	0.08479	5.135845	0.003387	4.563187	-1
-499000	1.0067674621	0.15806	0.08480	4.962980	0.003378	4.563260	-1
-498000	1.0066854592	0.15804	0.08480	4.791326	0.003337	4.564694	-1
-497000	1.0065912314	0.15796	0.08481	4.621420	0.003290	4.565001	-1
-496000	1.0065125161	0.15806	0.08481	4.453415	0.003251	4.565084	-1
-495000	1.0064333460	0.15801	0.08482	4.287124	0.003211	4.565420	-1
-494000	1.0064293839	0.15809	0.08481	4.121807	0.003209	4.565790	-1
-493000	1.0063201950	0.15799	0.08482	3.959539	0.003155	4.567094	-1
-492000	1.0062237213	0.15803	0.08483	3.799589	0.003107	4.566843	-1
-491000	1.0061599188	0.15801	0.08483	3.640650	0.003075	4.567347	-1
-490000	1.0061613533	0.15801	0.08483	3.481631	0.003076	4.567096	-1
-489000	1.0062010669	0.15810	0.08482	3.322351	0.003096	4.568738	-1
-488000	1.0061232167	0.15804	0.08483	3.164131	0.003057	4.568806	-1
-487000	1.0060967925	0.15805	0.08483	3.007112	0.003044	4.569050	-1
-486000	1.0061361688	0.15797	0.08483	2.850217	0.003063	4.569019	-1
-485000	1.0062496349	0.15809	0.08482	2.692009	0.003120	4.569527	-1
-484000	1.0062494798	0.15805	0.08483	2.532567	0.003120	4.570775	-1
-483000	1.0062502358	0.15803	0.08483	2.371981	0.003120	4.570732	-1
-482000	1.0063251156	0.15793	0.08484	2.210051	0.003158	4.571168	-1
-481000	1.0064410084	0.15800	0.08483	2.046072	0.003215	4.571139	-1
-480000	1.0065733541	0.15810	0.08483	1.879787	0.003281	4.572046	-1
-479000	1.0065694741	0.15803	0.08483	1.711988	0.003279	4.572517	-1
-478000	1.0066332335	0.15794	0.08483	1.543423	0.003311	4.573316	-1
-477000	1.0066956932	0.15794	0.08483	1.373627	0.003342	4.573171	-1
-476000	1.0067686363	0.15803	0.08483	1.201862	0.003379	4.573607	-1
-475000	1.0068059275	0.15808	0.08483	1.028345	0.003397	4.574321	-1
-474000	1.0067247149	0.15801	0.08483	0.854257	0.003357	4.575716	-1
-473000	1.0065521244	0.15793	0.08485	0.683949	0.003271	4.576419	-1
-472000	1.0061689145	0.15801	0.08485	0.520520	0.003080	4.578066	-1
-471000	1.0053383687	0.15803	0.08490	0.373092	0.002666	4.581440	-1
-470000	0.9976725312	0.15654	0.08694	0.316084	-0.001164	4.628198	-1
-469000	0.9941772203	0.15630	0.08731	0.437619	-0.002916	4.648441	-1
-468000	0.9936478452	0.15643	0.08732	0.596897	-0.003181	4.650937	-1
-467000	0.9934289260	0.15634	0.08733	0.764562	-0.003291	4.651605	-1
-466000	0.9933902081	0.15641	0.08733	0.936249	-0.003310	4.652020	-1
-465000	0.9932767810	0.15636	0.08734	1.110166	-0.003367	4.653084	-1
-464000	0.9933203622	0.15635	0.08734	1.284815	-0.003345	4.652719	-1
-463000	0.9933286552	0.15627	0.08735	1.459853	-0.003341	4.654286	-1
-462000	0.9933567757	0.15628	0.08735	1.633454	-0.003327	4.654231	-1
-461000	0.9934862532	0.15641	0.08734	1.803647	-0.003262	4.655551	-1
-460000	0.9936054937	0.15635	0.08734	1.971296	-0.003202	4.655677	-1
-459000	0.9936839059	0.15639	0.08734	2.135582	-0.003163	4.656057	-1
-458000	0.9937246864	0.15637	0.08734	2.299505	-0.003143	4.655981	-1
-457000	0.9937345771	0.15630	0.08735	2.462097	-0.003138	4.656433	-1
-456000	0.9938002023	0.15626	0.08735	2.624848	-0.003105	4.657076	-1
-455000	0.9938203665	0.15632	0.08735	2.786686	-0.003095	4.658365	-1
-454000	0.9938603539	0.15627	0.08735	2.946385	-0.003075	4.658353	-1
-453000	0.9939583167	0.15638	0.08734	3.104594	-0.003025	4.658640	-1
-452000	0.9938849057	0.15634	0.08735	3.261985	-0.003062	4.659322	-1
-451000	0.9939165733	0.15637	0.08735	3.420045	-0.003046	4.658831	-1
-450000	0.9938188105	0.15628	0.08736	3.580287	-0.003095	4.659548	-1
-449000	0.9937583375	0.15631	0.08736	3.742125	-0.003126	4.659306	-1
-448000	0.9936968702	0.15635	0.08736	3.905907	-0.003157	4.661153	-1
-447000	0.9936672943	0.15631	0.08736	4.070628	-0.003171	4.661388	-1
-446000	0.9936372074	0.15637	0.08736	4.234579	-0.003187	4.661897	-1
-445000	0.9935587522	0.15639	0.08737	4.400733	-0.003226	4.661722	-1
-444000	0.9934440210	0.15635	0.08737	4.568414	-0.003283	4.661808	-1
-443000	0.9934030096	0.15631	0.08738	4.739451	-0.003304	4.662576	-1
-442000	0.9932589863	0.15629	0.08739	4.913077	-0.003376	4.663656	-1
-441000	0.9932646705	0.15625	0.08739	5.088931	-0.003373	4.663730	-1
-440000	0.9933348485	0.15634	0.08738	5.264402	-0.003338	4.665042	-1
-439000	0.9933331604	0.15632	0.08738	5.437707	-0.003339	4.665971	-1
-438000	0.9935688441	0.15639	0.08738	5.607503	-0.003221	4.666325	-1
-437000	0.9939499058	0.15626	0.08735	5.770824	-0.003030	4.668460	0
-436000	0.9955179083	0.15623	0.08719	5.915617	-0.002244	4.676588	0
-435000	0.9983721479	0.15685	0.08539	5.992009	-0.000814	4.696338	0
-434000	0.9960974531	0.15805	0.08385	6.070090	-0.001953	4.681717	0
-433000	0.9953776742	0.15844	0.08377	6.182164	-0.002314	4.674529	0
-432000	0.9952437518	0.15857	0.08378	0.020487	-0.002381	4.669221	0
-431000	0.9955438418	0.15864	0.08379	0.139659	-0.002231	4.664003	0
-430000	0.9973053310	0.15874	0.08392	0.243930	-0.001348	4.651312	0
-429000	1.0015076979	0.15862	0.08473	0.263889	0.000754	4.623206	0
-428000	1.0042169999	0.15856	0.08497	0.172268	0.002106	4.603808	0
-427000	1.0048002207	0.15875	0.08497	0.056569	0.002397	4.597042	0
-426000	1.0047395721	0.15881	0.08497	6.219120	0.002367	4.592943	0
-425000	1.0041905030	0.15912	0.08493	6.102789	0.002093	4.586361	0
-424000	1.0014823449	0.16008	0.08476	6.009382	0.000741	4.566490	0
-423000	0.9972734072	0.16113	0.08333	6.026806	-0.001364	4.538207	0
-422000	0.9956269062	0.16167	0.08314	6.127456	-0.002189	4.526491	0
-421000	0.9951752264	0.16185	0.08311	6.246130	-0.002415	4.520497	0
-420000	0.9953958886	0.16197	0.08309	0.085364	-0.002305	4.515769	0
-419000	0.9960481805	0.16191	0.08313	0.200382	-0.001978	4.508782	-1
-418000	0.9980353962	0.16224	0.08411	0.283814	-0.000983	4.498516	-1
-417000	0.9958852580	0.16029	0.08652	0.341924	-0.002060	4.512929	-1
-416000	0.9939282276	0.16016	0.08673	0.482356	-0.003041	4.522981	-1
-415000	0.9935148990	0.16018	0.08676	0.645363	-0.003248	4.525062	-1
-414000	0.9933134032	0.16020	0.08677	0.817339	-0.003349	4.525673	-1
-413000	0.9932524737	0.16014	0.08677	0.992794	-0.003380	4.526432	-1
-412000	0.9932031203	0.16009	0.08678	1.170675	-0.003404	4.527700	-1
-411000	0.9932983281	0.16020	0.08677	1.347986	-0.003357	4.528934	-1
-410000	0.9933615923	0.16020	0.08677	1.521634	-0.003325	4.528712	-1
-409000	0.9934664593	0.16022	0.08677	1.693309	-0.003272	4.529627	-1
-408000	0.9934960820	0.16014	0.08678	1.862043	-0.003257	4.529549	-1
-407000	0.9935926245	0.16022	0.08677	2.029911	-0.003209	4.529660	-1
-406000	0.9935666624	0.16006	0.08679	2.196877	-0.003222	4.530051	-1
-405000	0.9936455453	0.16015	0.08678	2.363324	-0.003182	4.530545	-1
-404000	0.9937072768	0.16013	0.08678	2.528419	-0.003151	4.532223	-1
-403000	0.9937267672	0.16012	0.08678	2.691361	-0.003142	4.532014	-1
-402000	0.9938522632	0.16015	0.08678	2.851606	-0.003079	4.532561	-1
-401000	0.9938331247	0.16021	0.08678	3.010829	-0.003088	4.532509	-1
-400000	0.9938619587	0.16020	0.08678	3.169482	-0.003074	4.532921	-1
-399000	0.9938160926	0.16011	0.08679	3.330301	-0.003097	4.532951	-1
-398000	0.9937333238	0.16008	0.08678	3.492099	-0.003138	4.534328	-1
-397000	0.9937247549	0.16012	0.08679	3.655548	-0.003143	4.534321	-1
-396000	0.9937548110	0.16020	0.08678	3.819432	-0.003128	4.535441	-1
-395000	0.9936787752	0.16012	0.08679	3.982318	-0.003166	4.535349	-1
-394000	0.9936509912	0.16023	0.08679	4.146738	-0.003180	4.535651	-1
-393000	0.9935064856	0.16011	0.08681	4.312928	-0.003252	4.535630	-1
-392000	0.9934758406	0.16020	0.08680	4.482241	-0.003267	4.535985	-1
-391000	0.9933213449	0.16007	0.08682	4.654904	-0.003345	4.537300	-1
-390000	0.9932314607	0.16010	0.08682	4.830260	-0.003390	4.537129	-1
-389000	0.9932783484	0.16014	0.08681	5.005807	-0.003367	4.538707	-1
-388000	0.9932319794	0.16018	0.08681	5.181081	-0.003390	4.538807	-1
-387000	0.9933133914	0.16023	0.08681	5.354650	-0.003349	4.539661	-1
-386000	0.9934330983	0.16020	0.08682	5.527204	-0.003289	4.539829	-1
-385000	0.9936331841	0.16015	0.08681	5.695365	-0.003189	4.541088	-1
-384000	0.9942933225	0.16005	0.08679	5.854557	-0.002857	4.543948	-1
-383000	0.9991746917	0.15996	0.08571	5.967271	-0.000413	4.574390	-1
-382000	1.0050568358	0.16042	0.08382	5.902584	0.002525	4.609081	-1
-381000	1.0061396920	0.16020	0.08371	5.755692	0.003065	4.614493	-1
-380000	1.0065529659	0.16019	0.08371	5.592057	0.003271	4.615861	-1
-379000	1.0067635080	0.16029	0.08369	5.421548	0.003376	4.617613	-1
-378000	1.0067447337	0.16018	0.08369	5.247819	0.003367	4.618742	-1
-377000	1.0067220199	0.16018	0.08370	5.075798	0.003355	4.619141	-1
-376000	1.0066673815	0.16015	0.08371	4.905091	0.003328	4.619153	-1
-375000	1.0066665926	0.16022	0.08370	4.735403	0.003328	4.619079	-1
-374000	1.0065699827	0.16019	0.08371	4.565577	0.003280	4.620294	-1
-373000	1.0065314412	0.16027	0.08371	4.396860	0.003260	4.621176	-1
-372000	1.0063983624	0.16019	0.08372	4.230884	0.003194	4.621515	-1
-371000	1.0063507261	0.16017	0.08372	4.067318	0.003170	4.621272	-1
-370000	1.0062828712	0.16020	0.08372	3.905458	0.003136	4.622134	-1
-369000	1.0062798821	0.16026	0.08373	3.744224	0.003135	4.622109	-1
-368000	1.0061850268	0.16024	0.08373	3.585431	0.003088	4.623339	-1
-367000	1.0061527082	0.16015	0.08374	3.428035	0.003072	4.623353	-1
-366000	1.0061214761	0.16018	0.08373	3.270755	0.003056	4.623791	-1
-365000	1.0061292985	0.16018	0.08374	3.112915	0.003060	4.623929	-1
-364000	1.0062112370	0.16030	0.08373	2.954013	0.003101	4.624547	-1
-363000	1.0061911389	0.16018	0.08375	2.795667	0.003091	4.625276	-1
-362000	1.0062029988	0.16018	0.08374	2.637723	0.003097	4.625372	-1
-361000	1.0062346518	0.16017	0.08375	2.479107	0.003112	4.625921	-1
-360000	1.0063571985	0.16024	0.08375	2.318051	0.003174	4.625652	-1
-359000	1.0064354115	0.16021	0.08374	2.154763	0.003212	4.627239	-1
-358000	1.0064518465	0.16017	0.08375	1.989713	0.003221	4.627418	-1
-357000	1.0064886190	0.16019	0.08375	1.823514	0.003239	4.628026	-1
-356000	1.0065880347	0.16017	0.08375	1.655461	0.003289	4.627753	-1
-355000	1.0067377949	0.16025	0.08374	1.485291	0.003363	4.628359	-1
-354000	1.0067343067	0.16016	0.08376	1.314010	0.003361	4.629506	-1
-353000	1.0066873709	0.16020	0.08375	1.142377	0.003338	4.629999	-1
-352000	1.0066919933	0.16013	0.08376	0.970798	0.003340	4.630237	-1
-351000	1.0066680086	0.16017	0.08376	0.799388	0.003328	4.630562	-1
-350000	1.0065107484	0.16022	0.08377	0.629979	0.003250	4.632179	-1
-349000	1.0060133889	0.16026	0.08379	0.467973	0.003002	4.634284	-1
-348000	1.0041285787	0.16004	0.08390	0.334182	0.002062	4.643758	-1
-347000	0.9950244262	0.15902	0.08548	0.357206	-0.002491	4.697208	-1
-346000	0.9937133665	0.15900	0.08554	0.506111	-0.003148	4.704959	-1
-345000	0.9933959220	0.15901	0.08556	0.674315	-0.003308	4.705489	-1
-344000	0.9933313738	0.15912	0.08555	0.847595	-0.003340	4.707298	-1
-343000	0.9932367997	0.15903	0.08556	1.021949	-0.003387	4.707544	-1
-342000	0.9932940085	0.15915	0.08556	1.196399	-0.003359	4.707969	-1
-341000	0.9932929855	0.15906	0.08557	1.371399	-0.003359	4.708020	-1
-340000	0.9933741763	0.15911	0.08556	1.545442	-0.003318	4.708464	-1
-339000	0.9933625625	0.15898	0.08558	1.719762	-0.003324	4.709468	-1
-338000	0.9934171803	0.15903	0.08557	1.892276	-0.003297	4.710258	-1
-337000	0.9935322154	0.15899	0.08558	2.061559	-0.003239	4.710777	-1
-336000	0.9936345270	0.15913	0.08557	2.228364	-0.003188	4.711111	-1
-335000	0.9936727653	0.15908	0.08557	2.392008	-0.003169	4.711594	-1
-334000	0.9937673647	0.15909	0.08557	2.555059	-0.003121	4.711375	-1
-333000	0.9937272081	0.15898	0.08558	2.717320	-0.003141	4.712131	-1
-332000	0.9937828868	0.15904	0.08558	2.879863	-0.003113	4.711670	-1
-331000	0.9937654218	0.15902	0.08559	3.042345	-0.003122	4.713528	-1
-330000	0.9937520429	0.15893	0.08560	3.204164	-0.003129	4.713403	-1
-329000	0.9938315118	0.15909	0.08559	3.364662	-0.003089	4.714353	-1
-328000	0.9937754822	0.15903	0.08559	3.525114	-0.003117	4.714173	-1
-327000	0.9937863727	0.15911	0.08559	3.686056	-0.003112	4.714409	-1
-326000	0.9937009444	0.15901	0.08561	3.849700	-0.003155	4.714964	-1
-325000	0.9936041161	0.15905	0.08560	4.015092	-0.003203	4.715056	-1
-324000	0.9935098995	0.15895	0.08562	4.183951	-0.003250	4.715925	-1
-323000	0.9934916945	0.15907	0.08561	4.353969	-0.003260	4.716857	-1
-322000	0.9934086387	0.15905	0.08562	4.523859	-0.003301	4.717489	-1
-321000	0.9933845345	0.15912	0.08562	4.695291	-0.003313	4.717370	-1
-320000	0.9932853019	0.15906	0.08562	4.867744	-0.003363	4.717914	-1
-319000	0.9932872950	0.15912	0.08563	5.042361	-0.003362	4.717703	-1
-318000	0.9931935388	0.15906	0.08563	5.218683	-0.003409	4.718802	-1
-317000	0.9932319776	0.15898	0.08564	5.395586	-0.003390	4.718904	-1
-316000	0.9933459041	0.15897	0.08564	5.571016	-0.003333	4.721093	-1
-315000	0.9936683182	0.15890	0.08563	5.740573	-0.003171	4.722215	0
-314000	0.9949133723	0.15898	0.08551	5.893400	-0.002547	4.728992	0
-313000	0.9978196333	0.15928	0.08431	5.988702	-0.001091	4.747443	0
-312000	0.9959738350	0.16045	0.08276	6.071860	-0.002015	4.736868	0
-311000	0.9951783175	0.16059	0.08271	6.190165	-0.002414	4.730141	0
-310000	0.9951621182	0.16083	0.08271	0.033549	-0.002422	4.725834	0
-309000	0.9955844471	0.16089	0.08274	0.155420	-0.002210	4.720757	0
-308000	0.9977150882	0.16108	0.08286	0.256877	-0.001143	4.704890	0
-307000	1.0022402265	0.16086	0.08348	0.256136	0.001119	4.675001	0
-306000	1.0044127145	0.16087	0.08357	0.155523	0.002204	4.658633	0
-305000	1.0049025447	0.16108	0.08358	0.035414	0.002448	4.653368	0
-304000	1.0048447821	0.16120	0.08358	6.195441	0.002419	4.648618	0
-303000	1.0040198278	0.16132	0.08354	6.079222	0.002008	4.641811	0
-302000	1.0003286624	0.16267	0.08259	5.997988	0.000164	4.616728	0
-301000	0.9971131192	0.16391	0.08102	6.029666	-0.001445	4.596046	0
-300000	0.9954486613	0.16411	0.08085	6.134004	-0.002278	4.584433	0
-299000	0.9950756667	0.16434	0.08082	6.256512	-0.002465	4.579160	0
-298000	0.9953185103	0.16445	0.08081	0.097514	-0.002344	4.575708	0
-297000	0.9961114259	0.16453	0.08086	0.212061	-0.001946	4.567854	0
-296000	0.9994654195	0.16419	0.08252	0.286710	-0.000267	4.550813	-1
-295000	0.9977369209	0.16200	0.08554	0.314722	-0.001132	4.562200	-1
-294000	0.9941854596	0.16166	0.08626	0.438751	-0.002912	4.582477	-1
-293000	0.9936501931	0.16179	0.08629	0.597212	-0.003180	4.585465	-1
-292000	0.9934332442	0.16180	0.08630	0.764891	-0.003289	4.587109	-1
-291000	0.9933787063	0.16183	0.08630	0.935393	-0.003316	4.587194	-1
-290000	0.9933279246	0.16182	0.08631	1.108748	-0.003342	4.587605	-1
-289000	0.9932782245	0.16169	0.08632	1.282328	-0.003367	4.588183	-1
-288000	0.9933412758	0.16177	0.08632	1.457031	-0.003335	4.588880	-1
-287000	0.9934019690	0.16174	0.08632	1.630285	-0.003305	4.590360	-1
-286000	0.9934954334	0.16172	0.08631	1.800436	-0.003258	4.590371	-1
-285000	0.9936483313	0.16180	0.08632	1.967637	-0.003181	4.590908	-1
-284000	0.9936578970	0.16182	0.08632	2.132024	-0.003176	4.590682	-1
-283000	0.9937936540	0.16180	0.08632	2.294755	-0.003108	4.591179	-1
-282000	0.9937794624	0.16173	0.08632	2.457094	-0.003115	4.591607	-1
-281000	0.9938105067	0.16174	0.08633	2.618777	-0.003100	4.591663	-1
-280000	0.9938258913	0.16169	0.08634	2.780484	-0.003092	4.592667	-1
-279000	0.9938373263	0.16166	0.08633	2.940858	-0.003086	4.593523	-1
-278000	0.9939162783	0.16178	0.08633	3.098476	-0.003047	4.593751	-1
-277000	0.9939300991	0.16181	0.08633	3.256116	-0.003040	4.593792	-1
-276000	0.9938910093	0.16175	0.08634	3.413193	-0.003059	4.593879	-1
-275000	0.9938423048	0.16179	0.08634	3.572813	-0.003084	4.594596	-1
-274000	0.9937227996	0.16167	0.08636	3.734249	-0.003144	4.595592	-1
-273000	0.9936992359	0.16167	0.08636	3.897934	-0.003155	4.595476	-1
-272000	0.9937162470	0.16174	0.08636	4.062370	-0.003147	4.596501	-1
-271000	0.9936096571	0.16181	0.08636	4.226585	-0.003200	4.596418	-1
-270000	0.9936228602	0.16182	0.08637	4.392043	-0.003194	4.596864	-1
-269000	0.9934922614	0.16176	0.08637	4.559509	-0.003259	4.597088	-1
-268000	0.9934367099	0.16178	0.08638	4.729174	-0.003287	4.597365	-1
-267000	0.9933294252	0.16173	0.08639	4.902629	-0.003341	4.597623	-1
-266000	0.9932964911	0.16169	0.08639	5.077604	-0.003357	4.598481	-1
-265000	0.9932911248	0.16172	0.08639	5.252966	-0.003360	4.599959	-1
-264000	0.9934040808	0.16182	0.08639	5.427207	-0.003303	4.600748	-1
-263000	0.9935326239	0.16177	0.08639	5.596664	-0.003239	4.601004	-1
-262000	0.9938957022	0.16180	0.08637	5.760352	-0.003057	4.603194	-1
-261000	0.9951521284	0.16155	0.08629	5.906533	-0.002427	4.609717	-1
-260000	1.0018254226	0.16273	0.08326	5.971092	0.000912	4.650669	-1
-259000	1.0053259528	0.16250	0.08252	5.875281	0.002659	4.670641	-1
-258000	1.0062386194	0.16244	0.08247	5.723280	0.003114	4.676271	-1
-257000	1.0065140977	0.16234	0.08246	5.559086	0.003252	4.677876	-1
-256000	1.0066402573	0.16234	0.08246	5.390154	0.003315	4.678000	-1
-255000	1.0067000785	0.16233	0.08246	5.218882	0.003344	4.678658	-1
-254000	1.0067454556	0.16247	0.08246	5.046784	0.003367	4.679371	-1
-253000	1.0066432318	0.16239	0.08247	4.874536	0.003316	4.680670	-1
-252000	1.0065970560	0.16235	0.08248	4.705550	0.003293	4.680483	-1
-251000	1.0065116217	0.16233	0.08248	4.538814	0.003250	4.680969	-1
-250000	1.0064700221	0.16237	0.08249	4.373279	0.003230	4.680813	-1
-249000	1.0064334345	0.16250	0.08248	4.208393	0.003212	4.682294	-1
-248000	1.0063909361	0.16241	0.08249	4.043663	0.003190	4.682448	-1
-247000	1.0062527731	0.16238	0.08249	3.882204	0.003121	4.682957	-1
-246000	1.0062028412	0.16235	0.08250	3.723112	0.003097	4.683078	-1
-245000	1.0061949103	0.16248	0.08250	3.565413	0.003093	4.682959	-1
-244000	1.0061955148	0.16243	0.08250	3.407302	0.003093	4.683630	-1
-243000	1.0061202181	0.16239	0.08251	3.250714	0.003055	4.684679	-1
-242000	1.0060897569	0.16235	0.08252	3.094824	0.003040	4.685184	-1
-241000	1.0060938321	0.16237	0.08252	2.938545	0.003042	4.684709	-1
-240000	1.0061409412	0.16239	0.08252	2.780889	0.003066	4.685346	-1
-239000	1.0062398440	0.16243	0.08252	2.621562	0.003115	4.685952	-1
-238000	1.0062314356	0.16238	0.08253	2.462459	0.003111	4.686871	-1
-237000	1.0062563557	0.16234	0.08253	2.303365	0.003123	4.686603	-1
-236000	1.0063292406	0.16238	0.08253	2.142455	0.003160	4.686871	-1
-235000	1.0064528140	0.16235	0.08254	1.978187	0.003221	4.687205	-1
-234000	1.0065468896	0.16242	0.08253	1.811407	0.003268	4.688725	-1
-233000	1.0065611814	0.16233	0.08254	1.643042	0.003275	4.688967	-1
-232000	1.0065932041	0.16236	0.08254	1.473972	0.003291	4.688758	-1
-231000	1.0066638054	0.16229	0.08255	1.303638	0.003326	4.689734	-1
-230000	1.0067827771	0.16242	0.08254	1.131959	0.003386	4.689840	-1
-229000	1.0067242659	0.16237	0.08255	0.960198	0.003356	4.691486	-1
-228000	1.0065748869	0.16231	0.08256	0.789725	0.003282	4.691562	-1
-227000	1.0063951176	0.16234	0.08257	0.622601	0.003192	4.693142	-1
-226000	1.0059568436	0.16232	0.08259	0.463643	0.002974	4.694581	-1
-225000	1.0035562812	0.16234	0.08271	0.332384	0.001777	4.707830	-1
-224000	0.9950126062	0.16174	0.08365	0.366782	-0.002497	4.756368	-1
-223000	0.9940774700	0.16183	0.08368	0.510350	-0.002966	4.760736	-1
-222000	0.9936422709	0.16175	0.08371	0.672788	-0.003184	4.764069	-1
-221000	0.9934447518	0.16178	0.08371	0.841251	-0.003283	4.764504	-1
-220000	0.9934919368	0.16182	0.08372	1.010445	-0.003259	4.765603	-1
-219000	0.9934621651	0.16188	0.08371	1.179596	-0.003274	4.765704	-1
-218000	0.9935293051	0.16188	0.08372	1.347347	-0.003241	4.766248	-1
-217000	0.9935625023	0.16182	0.08372	1.515627	-0.003224	4.766179	-1
-216000	0.9935603657	0.16176	0.08373	1.682673	-0.003225	4.767135	-1
-215000	0.9936311407	0.16175	0.08374	1.850130	-0.003190	4.767195	-1
-214000	0.9937751955	0.16183	0.08373	2.015346	-0.003117	4.768973	-1
-213000	0.9938365415	0.16177	0.08374	2.176415	-0.003087	4.768897	-1
-212000	0.9939518469	0.16188	0.08373	2.335128	-0.003029	4.769245	-1
-211000	0.9939468976	0.16177	0.08374	2.491515	-0.003031	4.769061	-1
-210000	0.9940448979	0.16185	0.08374	2.647160	-0.002982	4.769535	-1
-209000	0.9939817014	0.16171	0.08376	2.803326	-0.003014	4.770443	-1
-208000	0.9939830248	0.16173	0.08376	2.959838	-0.003013	4.770132	-1
-207000	0.9940781737	0.16177	0.08376	3.115368	-0.002965	4.771676	-1
-206000	0.9940404300	0.16182	0.08376	3.269777	-0.002984	4.771760	-1
-205000	0.9940649325	0.16186	0.08376	3.422762	-0.002972	4.772219	-1
-204000	0.9940398128	0.16180	0.08377	3.576975	-0.002985	4.771945	-1
-203000	0.9939762750	0.16178	0.08377	3.731718	-0.003016	4.772499	-1
-202000	0.9938630943	0.16176	0.08379	3.890377	-0.003073	4.772621	-1
-201000	0.9938526797	0.16183	0.08378	4.051004	-0.003078	4.774393	-1
-200000	0.9937945671	0.16177	0.08379	4.212097	-0.003108	4.774494	-1
-199000	0.9937736653	0.16188	0.08379	4.374651	-0.003118	4.775025	-1
-198000	0.9936580742	0.16180	0.08380	4.537600	-0.003176	4.774681	-1
-197000	0.9936570741	0.16187	0.08380	4.702389	-0.003177	4.775088	-1
-196000	0.9934996142	0.16174	0.08382	4.869425	-0.003256	4.775896	-1
-195000	0.9934487436	0.16180	0.08382	5.038863	-0.003281	4.775829	-1
-194000	0.9934434401	0.16174	0.08383	5.210266	-0.003284	4.777592	-1
-193000	0.9934563505	0.16177	0.08382	5.381542	-0.003277	4.778021	-1
-192000	0.9936443518	0.16184	0.08382	5.549343	-0.003183	4.779484	-1
-191000	0.9939204584	0.16184	0.08381	5.712021	-0.003044	4.779955	-1
-190000	0.9946255545	0.16172	0.08377	5.860891	-0.002691	4.783512	0
-189000	0.9976431029	0.16180	0.08283	5.968461	-0.001179	4.802735	0
-188000	0.9967830600	0.16330	0.08075	6.024190	-0.001610	4.802230	0
-187000	0.9961017366	0.16354	0.08061	6.116921	-0.001951	4.795124	0
-186000	0.9956432555	0.16368	0.08057	6.229520	-0.002181	4.789417	0
-185000	0.9954718260	0.16371	0.08062	0.062485	-0.002267	4.784834	0
-184000	0.9959431009	0.16378	0.08063	0.173381	-0.002031	4.779055	0
-183000	0.9979622869	0.16383	0.08071	0.258822	-0.001019	4.766266	0
-182000	1.0030090315	0.16400	0.08095	0.252727	0.001503	4.733560	0
-181000	1.0039004424	0.16406	0.08099	0.163072	0.001948	4.725104	0
-180000	1.0045345548	0.16420	0.08099	0.051433	0.002265	4.719027	0
-179000	1.0045775629	0.16419	0.08102	6.219172	0.002286	4.715749	0
-178000	1.0040167249	0.16427	0.08100	6.110431	0.002006	4.709576	0
-177000	1.0022972965	0.16468	0.08075	6.022725	0.001148	4.696611	0
-176000	0.9981865655	0.16664	0.07904	5.999272	-0.000907	4.671747	0
-175000	0.9965153144	0.16682	0.07849	6.068524	-0.001744	4.661624	0
-174000	0.9956883964	0.16704	0.07843	6.173241	-0.002158	4.653546	0
-173000	0.9953544318	0.16708	0.07843	0.006254	-0.002326	4.649900	0
-172000	0.9956415085	0.16706	0.07844	0.122976	-0.002182	4.644760	0
-171000	0.9967625638	0.16726	0.07851	0.226153	-0.001620	4.637497	0
-170000	1.0003842512	0.16724	0.07972	0.283707	0.000192	4.616819	0
-169000	1.0030412593	0.16635	0.08029	0.234927	0.001519	4.598039	0
-168000	1.0042984831	0.16640	0.08038	0.134705	0.002147	4.589699	0
-167000	1.0046485385	0.16656	0.08037	0.021158	0.002322	4.584831	0
-166000	1.0043799610	0.16647	0.08037	6.189743	0.002188	4.580433	0
-165000	1.0036170116	0.16673	0.08033	6.082667	0.001807	4.572820	0
-164000	1.0022539133	0.16709	0.08026	6.008076	0.001126	4.563283	0
-163000	0.9971033478	0.16782	0.07971	6.040218	-0.001449	4.530304	0
-162000	0.9957988888	0.16800	0.07963	6.137093	-0.002103	4.520582	0
-161000	0.9953665772	0.16807	0.07962	6.251877	-0.002319	4.516315	0
-160000	0.9956390397	0.16817	0.07959	0.086321	-0.002183	4.512471	0
-159000	0.9963824462	0.16826	0.07963	0.194932	-0.001810	4.505301	-1
-158000	0.9973791956	0.16810	0.07998	0.277309	-0.001311	4.498431	-1
-157000	0.9966020284	0.16655	0.08257	0.331811	-0.001700	4.509166	-1
-156000	0.9942892227	0.16653	0.08294	0.459201	-0.002860	4.522065	-1
-155000	0.9938217881	0.16661	0.08298	0.615060	-0.003094	4.524207	-1
-154000	0.9935957259	0.16666	0.08298	0.778167	-0.003207	4.525221	-1
-153000	0.9935553976	0.16665	0.08299	0.944785	-0.003228	4.525786	-1
-152000	0.9934486359	0.16660	0.08300	1.113361	-0.003281	4.526171	-1
-151000	0.9934838449	0.16655	0.08301	1.282711	-0.003263	4.526589	-1
-150000	0.9934807183	0.16656	0.08301	1.453174	-0.003265	4.527879	-1
-149000	0.9935243763	0.16650	0.08301	1.622778	-0.003243	4.528428	-1
-148000	0.9937007086	0.16661	0.08301	1.788424	-0.003155	4.528907	-1
-147000	0.9938108613	0.16664	0.08301	1.951581	-0.003099	4.529349	-1
-146000	0.9938803498	0.16665	0.08302	2.111145	-0.003065	4.528981	-1
-145000	0.9939186673	0.16662	0.08302	2.270031	-0.003045	4.529733	-1
-144000	0.9938920419	0.16646	0.08304	2.427672	-0.003059	4.530601	-1
-143000	0.9939545692	0.16652	0.08303	2.586054	-0.003027	4.530754	-1
-142000	0.9940539665	0.16656	0.08303	2.743328	-0.002978	4.531589	-1
-141000	0.9940723089	0.16660	0.08303	2.897723	-0.002968	4.531930	-1
-140000	0.9941473962	0.16663	0.08304	3.050904	-0.002931	4.532232	-1
-139000	0.9940735554	0.16659	0.08304	3.203273	-0.002968	4.532032	-1
-138000	0.9940939152	0.16658	0.08305	3.355757	-0.002957	4.532300	-1
-137000	0.9939845970	0.16656	0.08306	3.510460	-0.003012	4.533201	-1
-136000	0.9939297965	0.16652	0.08306	3.667047	-0.003040	4.533566	-1
-135000	0.9939826787	0.16659	0.08306	3.823695	-0.003013	4.534340	-1
-134000	0.9939566032	0.16662	0.08306	3.981635	-0.003026	4.534751	-1
-133000	0.9939029363	0.16668	0.08307	4.139354	-0.003053	4.534438	-1
-132000	0.9938138392	0.16667	0.08307	4.299409	-0.003098	4.534962	-1
-131000	0.9936599777	0.16651	0.08309	4.460937	-0.003175	4.535785	-1
-130000	0.9936071646	0.16657	0.08309	4.626211	-0.003202	4.536122	-1
-129000	0.9935639581	0.16659	0.08310	4.793691	-0.003223	4.537306	-1
-128000	0.9935321613	0.16661	0.08309	4.961981	-0.003239	4.537594	-1
-127000	0.9935778199	0.16667	0.08310	5.131088	-0.003216	4.538370	-1
-126000	0.9935158234	0.16667	0.08310	5.299459	-0.003247	4.538314	-1
-125000	0.9936359034	0.16665	0.08311	5.466234	-0.003187	4.538805	-1
-124000	0.9937440553	0.16660	0.08311	5.630629	-0.003133	4.539998	-1
-123000	0.9942308439	0.16656	0.08309	5.787640	-0.002889	4.542405	-1
-122000	0.9953858625	0.16647	0.08305	5.924769	-0.002310	4.548562	-1
-121000	1.0035651438	0.16624	0.08174	5.937140	0.001781	4.595619	-1
-120000	1.0058417260	0.16619	0.08159	5.807870	0.002917	4.606773	-1
-119000	1.0063520938	0.16629	0.08157	5.651477	0.003171	4.610295	-1
-118000	1.0064937339	0.16610	0.08158	5.486968	0.003242	4.611107	-1
-117000	1.0065700705	0.16610	0.08158	5.319231	0.003280	4.611833	-1
-116000	1.0065785381	0.16611	0.08158	5.149934	0.003284	4.611879	-1
-115000	1.0066102779	0.16624	0.08158	4.979821	0.003300	4.612225	-1
-114000	1.0065613241	0.16612	0.08159	4.811885	0.003275	4.614031	-1
-113000	1.0064455120	0.16609	0.08160	4.646541	0.003218	4.614426	-1
-112000	1.0063440591	0.16607	0.08161	4.483470	0.003167	4.614515	-1
-111000	1.0062972112	0.16615	0.08161	4.321414	0.003144	4.614221	-1
-110000	1.0063451357	0.16620	0.08161	4.159335	0.003167	4.615294	-1
-109000	1.0061895666	0.16612	0.08162	3.999063	0.003090	4.616092	-1
-108000	1.0060726513	0.16609	0.08163	3.841710	0.003032	4.616458	-1
-107000	1.0060253726	0.16611	0.08164	3.686630	0.003008	4.615955	-1
-106000	1.0060628822	0.16617	0.08164	3.532539	0.003027	4.616486	-1
-105000	1.0060623741	0.16618	0.08164	3.378727	0.003027	4.617854	-1
-104000	1.0059538923	0.16615	0.08165	3.225062	0.002972	4.618334	-1
-103000	1.0059503812	0.16610	0.08166	3.072038	0.002971	4.618082	-1
-102000	1.0060066938	0.16616	0.08165	2.918386	0.002999	4.618194	-1
-101000	1.0061009725	0.16618	0.08166	2.763244	0.003046	4.618937	-1
-100000	1.0060334897	0.16615	0.08167	2.607328	0.003012	4.619912	-1
-99000	1.0060615221	0.16608	0.08167	2.452112	0.003026	4.619894	-1
-98000	1.0061408725	0.16611	0.08167	2.296397	0.003066	4.619852	-1
-97000	1.0062337497	0.16610	0.08168	2.138514	0.003112	4.620668	-1
-96000	1.0063478091	0.16621	0.08167	1.977696	0.003169	4.621500	-1
-95000	1.0063708314	0.16612	0.08168	1.813392	0.003180	4.621947	-1
-94000	1.0064444802	0.16611	0.08168	1.648499	0.003217	4.621751	-1
-93000	1.0064958311	0.16613	0.08168	1.482672	0.003243	4.622705	-1
-92000	1.0065971573	0.16616	0.08169	1.315465	0.003293	4.622657	-1
-91000	1.0066253317	0.16617	0.08169	1.146665	0.003307	4.624227	-1
-90000	1.0066169289	0.16613	0.08170	0.977422	0.003303	4.624356	-1
-89000	1.0065048299	0.16616	0.08170	0.810196	0.003247	4.625182	-1
-88000	1.0063320782	0.16610	0.08172	0.645672	0.003161	4.626059	-1
-87000	1.0059112022	0.16622	0.08173	0.487837	0.002951	4.628119	-1
-86000	1.0041927128	0.16640	0.08196	0.349994	0.002094	4.637400	-1
-85000	0.9972478300	0.16513	0.08398	0.329781	-0.001377	4.677593	-1
-84000	0.9943891470	0.16511	0.08432	0.454308	-0.002809	4.693629	-1
-83000	0.9937995640	0.16512	0.08435	0.609020	-0.003105	4.695694	-1
-82000	0.9935957444	0.16510	0.08436	0.774071	-0.003207	4.696890	-1
-81000	0.9934131074	0.16502	0.08438	0.942426	-0.003299	4.697564	-1
-80000	0.9934122356	0.16506	0.08438	1.113029	-0.003299	4.698150	-1
-79000	0.9934569521	0.16502	0.08439	1.283730	-0.003277	4.699709	-1
-78000	0.9934830160	0.16505	0.08438	1.452871	-0.003264	4.700093	-1
-77000	0.9936503328	0.16513	0.08439	1.620385	-0.003180	4.700184	-1
-76000	0.9936857493	0.16513	0.08438	1.786074	-0.003162	4.700493	-1
-75000	0.9937862887	0.16510	0.08439	1.949196	-0.003112	4.700999	-1
-74000	0.9938121903	0.16508	0.08440	2.111188	-0.003099	4.701065	-1
-73000	0.9938748588	0.16501	0.08440	2.270845	-0.003067	4.701174	-1
-72000	0.9938894043	0.16503	0.08441	2.430055	-0.003060	4.702574	-1
-71000	0.9940166845	0.16511	0.08441	2.588038	-0.002996	4.703644	-1
-70000	0.9940623121	0.16510	0.08441	2.743170	-0.002973	4.703216	-1
-69000	0.9940911074	0.16509	0.08442	2.898495	-0.002959	4.703708	-1
-68000	0.9940345335	0.16503	0.08443	3.052584	-0.002987	4.703591	-1
-67000	0.9940597036	0.16509	0.08443	3.207182	-0.002975	4.703984	-1
-66000	0.9939768891	0.16493	0.08444	3.362017	-0.003016	4.705291	-1
-65000	0.9939520720	0.16497	0.08444	3.517625	-0.003029	4.705584	-1
-64000	0.9940098368	0.16508	0.08445	3.673373	-0.003000	4.705855	-1
-63000	0.9939265757	0.16509	0.08445	3.829971	-0.003041	4.705873	-1
-62000	0.9939137554	0.16506	0.08446	3.988014	-0.003048	4.706548	-1
-61000	0.9938047921	0.16507	0.08447	4.148747	-0.003102	4.706660	-1
-60000	0.9937394621	0.16503	0.08447	4.310800	-0.003135	4.706664	-1
-59000	0.9936097257	0.16498	0.08449	4.476074	-0.003200	4.707728	-1
-58000	0.9936164334	0.16508	0.08449	4.642955	-0.003197	4.709285	-1
-57000	0.9935630644	0.16510	0.08449	4.809322	-0.003224	4.708908	-1
-56000	0.9935343681	0.16512	0.08449	4.977913	-0.003238	4.709474	-1
-55000	0.9934753101	0.16506	0.08450	5.147052	-0.003268	4.709505	-1
-54000	0.9935130238	0.16515	0.08450	5.317360	-0.003249	4.710185	-1
-53000	0.9934791662	0.16495	0.08452	5.486836	-0.003266	4.710817	-1
-52000	0.9937061496	0.16496	0.08451	5.653429	-0.003152	4.711865	-1
-51000	0.9942922004	0.16495	0.08449	5.811251	-0.002858	4.715725	-1
-50000	0.9965282229	0.16524	0.08423	5.942181	-0.001737	4.727128	0
-49000	0.9996428539	0.16606	0.08135	5.980429	-0.000179	4.750102	0
-48000	0.9989022442	0.16825	0.07726	5.989009	-0.000549	4.753147	0
-47000	0.9961896548	0.16921	0.07611	6.052979	-0.001907	4.737826	0
-46000	0.9956858727	0.16950	0.07607	6.157615	-0.002159	4.731425	0
-45000	0.9955828211	0.16956	0.07605	6.274585	-0.002211	4.727764	0
-44000	0.9955986289	0.16960	0.07609	0.108131	-0.002203	4.723069	0
-43000	0.9960804945	0.16948	0.07612	0.216039	-0.001962	4.717647	0
-42000	0.9994957816	0.16919	0.07669	0.281317	-0.000252	4.697065	0
-41000	1.0036546738	0.16884	0.07753	0.234864	0.001826	4.672256	0
-40000	1.0042649520	0.16879	0.07761	0.134483	0.002130	4.665514	0
-39000	1.0045280334	0.16884	0.07759	0.019590	0.002261	4.660139	0
-38000	1.0046291330	0.16894	0.07760	6.185715	0.002312	4.656955	0
-37000	1.0039940654	0.16906	0.07756	6.075728	0.001995	4.651146	0
-36000	1.0009071092	0.16942	0.07717	6.002218	0.000453	4.631632	0
-35000	0.9965127096	0.17049	0.07634	6.035464	-0.001745	4.603855	0
-34000	0.9959184606	0.17054	0.07628	6.134296	-0.002043	4.597758	0
-33000	0.9954953739	0.17063	0.07625	6.250931	-0.002255	4.592061	0
-32000	0.9953357149	0.17056	0.07625	0.087238	-0.002335	4.589617	0
-31000	0.9959283929	0.17046	0.07627	0.200268	-0.002038	4.583454	0
-30000	0.9981764025	0.17014	0.07693	0.282497	-0.000912	4.571151	0
-29000	0.9971338845	0.16851	0.08044	0.315083	-0.001434	4.583675	-1
-28000	0.9947267835	0.16838	0.08086	0.424242	-0.002640	4.597127	-1
-27000	0.9938220725	0.16832	0.08092	0.577602	-0.003094	4.602517	-1
-26000	0.9935026037	0.16837	0.08093	0.743298	-0.003254	4.603661	-1
-25000	0.9935195759	0.16848	0.08094	0.912402	-0.003246	4.604358	-1
-24000	0.9934696067	0.16848	0.08094	1.082514	-0.003271	4.605169	-1
-23000	0.9935092393	0.16849	0.08095	1.251439	-0.003251	4.605367	-1
-22000	0.9935210710	0.16847	0.08096	1.420189	-0.003245	4.605427	-1
-21000	0.9935356983	0.16838	0.08096	1.587147	-0.003237	4.605830	-1
-20000	0.9935485882	0.16840	0.08097	1.755171	-0.003231	4.606604	-1
-19000	0.9936950634	0.16847	0.08097	1.921659	-0.003158	4.608151	-1
-18000	0.9937787891	0.16844	0.08097	2.084666	-0.003116	4.608061	-1
-17000	0.9939105493	0.16848	0.08098	2.245652	-0.003049	4.608561	-1
-16000	0.9939153951	0.16846	0.08098	2.403783	-0.003047	4.608219	-1
-15000	0.9940304631	0.16847	0.08098	2.560140	-0.002989	4.608706	-1
-14000	0.9939700879	0.16834	0.08100	2.715895	-0.003020	4.609256	-1
-13000	0.9939847232	0.16837	0.08100	2.871769	-0.003012	4.609456	-1
-12000	0.9940752381	0.16844	0.08100	3.027048	-0.002967	4.610622	-1
-11000	0.9940640013	0.16843	0.08100	3.181939	-0.002972	4.611205	-1
-10000	0.9941011836	0.16848	0.08101	3.335592	-0.002954	4.611331	-1
-9000	0.9940733250	0.16849	0.08101	3.490153	-0.002968	4.611274	-1
-8000	0.9940347775	0.16844	0.08102	3.644287	-0.002987	4.611399	-1
-7000	0.9938935994	0.16844	0.08103	3.801328	-0.003058	4.612030	-1
-6000	0.9938722979	0.16846	0.08103	3.959987	-0.003069	4.613801	-1
-5000	0.9938194606	0.16845	0.08104	4.119258	-0.003095	4.613636	-1
-4000	0.9938124447	0.16850	0.08104	4.280731	-0.003099	4.614225	-1
-3000	0.9936987572	0.16852	0.08105	4.443085	-0.003156	4.613947	-1
-2000	0.9936882334	0.16855	0.08105	4.607530	-0.003161	4.614432	-1
-1000	0.9935403016	0.16840	0.08107	4.773759	-0.003235	4.614797	-1
1000	0.9934322246	0.16841	0.08109	5.112131	-0.003289	4.616463	-1
2000	0.9934313897	0.16841	0.08108	5.283191	-0.003290	4.617217	-1
3000	0.9935818205	0.16848	0.08109	5.452083	-0.003214	4.618260	-1
4000	0.9937580577	0.16854	0.08108	5.618558	-0.003126	4.618706	-1
5000	0.9941619871	0.16843	0.08107	5.776715	-0.002923	4.620182	-1
6000	0.9956245478	0.16834	0.08098	5.915570	-0.002190	4.627701	-1
7000	1.0037138937	0.16880	0.07895	5.950622	0.001855	4.676284	-1
8000	1.0055599380	0.16869	0.07879	5.827981	0.002776	4.684931	-1
9000	1.0062280286	0.16854	0.07877	5.674656	0.003109	4.688255	-1
10000	1.0064704766	0.16858	0.07876	5.512237	0.003230	4.688938	-1
11000	1.0066401588	0.16870	0.07876	5.345946	0.003315	4.690224	-1
12000	1.0066634295	0.16865	0.07877	5.176381	0.003326	4.690129	-1
13000	1.0065638814	0.16856	0.07878	5.008565	0.003277	4.691565	-1
14000	1.0064901820	0.16851	0.07879	4.841797	0.003240	4.691661	-1
15000	1.0064597013	0.16862	0.07879	4.676052	0.003225	4.692020	-1
16000	1.0063940802	0.16853	0.07880	4.511189	0.003192	4.692071	-1
17000	1.0063928874	0.16866	0.07880	4.346758	0.003191	4.693026	-1
18000	1.0062505561	0.16855	0.07882	4.186012	0.003120	4.693695	-1
19000	1.0061671934	0.16862	0.07882	4.028191	0.003079	4.693653	-1
20000	1.0060961972	0.16855	0.07883	3.871575	0.003043	4.694121	-1
21000	1.0060939461	0.16862	0.07883	3.714742	0.003042	4.693965	-1
22000	1.0060420682	0.16860	0.07884	3.559080	0.003016	4.695865	-1
23000	1.0059588561	0.16861	0.07885	3.404907	0.002975	4.695630	-1
24000	1.0059265116	0.16859	0.07885	3.252206	0.002959	4.696153	-1
25000	1.0059441266	0.16855	0.07886	3.099669	0.002968	4.695920	-1
26000	1.0060548647	0.16868	0.07885	2.945958	0.003023	4.696934	-1
27000	1.0059944800	0.16859	0.07887	2.792344	0.002993	4.697255	-1
28000	1.0059891753	0.16861	0.07887	2.638614	0.002990	4.697385	-1
29000	1.0060438135	0.16850	0.07888	2.483514	0.003017	4.697670	-1
30000	1.0061801788	0.16861	0.07888	2.325826	0.003085	4.697925	-1
31000	1.0062527866	0.16862	0.07888	2.166430	0.003121	4.699405	-1
32000	1.0062516521	0.16859	0.07889	2.006079	0.003121	4.699301	-1
33000	1.0063166743	0.16849	0.07890	1.845055	0.003153	4.699986	-1
34000	1.0064291144	0.16856	0.07889	1.682490	0.003209	4.699933	-1
35000	1.0065706305	0.16865	0.07890	1.516708	0.003280	4.700518	-1
36000	1.0065371872	0.16857	0.07891	1.348850	0.003263	4.701325	-1
37000	1.0065456730	0.16850	0.07891	1.180322	0.003267	4.702247	-1
38000	1.0065517333	0.16848	0.07892	1.012256	0.003270	4.702192	-1
39000	1.0065224392	0.16857	0.07893	0.845296	0.003256	4.702811	-1
40000	1.0064457757	0.16866	0.07893	0.680108	0.003218	4.703703	-1
41000	1.0060543148	0.16859	0.07895	0.520256	0.003023	4.705794	-1
42000	1.0047745503	0.16850	0.07903	0.379488	0.002384	4.711610	-1
43000	0.9966986956	0.16814	0.08053	0.329183	-0.001652	4.757323	-1
44000	0.9945423998	0.16823	0.08072	0.447137	-0.002733	4.769582	-1
45000	0.9938795692	0.16821	0.08073	0.599792	-0.003065	4.772280	-1
46000	0.9936934569	0.16830	0.08075	0.762388	-0.003158	4.774094	-1
47000	0.9935372362	0.16827	0.08076	0.928678	-0.003237	4.774071	-1
48000	0.9935771899	0.16828	0.08076	1.096823	-0.003217	4.774578	-1
49000	0.9935031416	0.16823	0.08077	1.265921	-0.003254	4.774849	-1
50000	0.9935304358	0.16828	0.08078	1.434165	-0.003240	4.775294	-1
51000	0.9935617170	0.16815	0.08079	1.601858	-0.003224	4.776833	-1
52000	0.9936174003	0.16816	0.08080	1.767703	-0.003196	4.777415	-1
53000	0.9937869936	0.16826	0.08080	1.929616	-0.003111	4.777619	-1
54000	0.9938949034	0.16831	0.08079	2.090371	-0.003057	4.777762	-1
55000	0.9939228005	0.16820	0.08081	2.248673	-0.003043	4.778184	-1
56000	0.9939780544	0.16825	0.08081	2.406891	-0.003016	4.778209	-1
57000	0.9939346713	0.16811	0.08083	2.563732	-0.003037	4.779380	-1
58000	0.9940083779	0.16814	0.08082	2.720040	-0.003000	4.779422	-1
59000	0.9941259152	0.16823	0.08083	2.874304	-0.002941	4.780835	-1
60000	0.9941048723	0.16821	0.08083	3.026544	-0.002952	4.780342	-1
61000	0.9941811378	0.16824	0.08084	3.178631	-0.002914	4.780624	-1
62000	0.9940953716	0.16820	0.08084	3.331677	-0.002957	4.780638	-1
63000	0.9940605884	0.16826	0.08085	3.485611	-0.002974	4.780999	-1
64000	0.9939688606	0.16810	0.08087	3.642044	-0.003020	4.781991	-1
65000	0.9939171314	0.16810	0.08087	3.799248	-0.003046	4.782431	-1
66000	0.9939390218	0.16824	0.08088	3.955229	-0.003035	4.782881	-1
67000	0.9939152201	0.16830	0.08088	4.112811	-0.003047	4.783017	-1
68000	0.9938330588	0.16820	0.08089	4.271275	-0.003088	4.783521	-1
69000	0.9937352714	0.16825	0.08089	4.433610	-0.003137	4.783640	-1
70000	0.9935720973	0.16811	0.08092	4.598374	-0.003219	4.784372	-1
71000	0.9935403216	0.16815	0.08092	4.766658	-0.003235	4.784433	-1
72000	0.9935542595	0.16822	0.08092	4.935336	-0.003228	4.786519	-1
73000	0.9934937681	0.16823	0.08093	5.103173	-0.003258	4.786254	-1
74000	0.9936009331	0.16826	0.08093	5.270689	-0.003205	4.786735	-1
75000	0.9936079792	0.16822	0.08093	5.437400	-0.003201	4.787054	-1
76000	0.9937596883	0.16831	0.08093	5.601919	-0.003125	4.787994	-1
77000	0.9940551934	0.16813	0.08093	5.761975	-0.002977	4.789251	-1
78000	0.9952683156	0.16802	0.08083	5.904428	-0.002369	4.795637	0
79000	0.9987933518	0.16894	0.07851	5.978797	-0.000604	4.822212	0
80000	0.9975250733	0.17021	0.07694	6.023217	-0.001238	4.816199	0
81000	0.9959743194	0.17021	0.07658	6.117024	-0.002015	4.806709	0
82000	0.9954450228	0.17027	0.07659	6.230977	-0.002280	4.801866	0
83000	0.9954927157	0.17043	0.07661	0.065547	-0.002256	4.798199	0
84000	0.9960146645	0.17040	0.07664	0.176124	-0.001995	4.792450	0
85000	0.9981035875	0.17026	0.07681	0.263946	-0.000949	4.779081	0
86000	1.0015092802	0.17000	0.07740	0.266816	0.000754	4.757238	0
87000	1.0038419360	0.16966	0.07751	0.181648	0.001919	4.740820	0
88000	1.0044614197	0.16971	0.07754	0.072967	0.002228	4.734447	0
89000	1.0045883746	0.16985	0.07755	6.240762	0.002292	4.731581	0
90000	1.0040826153	0.16978	0.07755	6.127496	0.002039	4.726391	0
91000	1.0025300207	0.17007	0.07744	6.032487	0.001264	4.714833	0
92000	0.9997600122	0.17063	0.07659	6.000078	-0.000120	4.696847	0
93000	0.9963250981	0.17117	0.07588	6.067132	-0.001839	4.678287	0
94000	0.9955306895	0.17126	0.07583	6.173800	-0.002237	4.671078	0
95000	0.9955199406	0.17141	0.07583	0.005834	-0.002243	4.667009	0
96000	0.9957450646	0.17129	0.07584	0.119822	-0.002130	4.662508	0
97000	0.9967811739	0.17144	0.07596	0.223403	-0.001611	4.654686	0
98000	0.9984972832	0.17078	0.07651	0.287639	-0.000752	4.643679	0
99000	1.0024403737	0.16937	0.07878	0.265043	0.001219	4.622817	0
100000	1.0041911199	0.16921	0.07903	0.176473	0.002093	4.611294	0
101000	1.0045403568	0.16930	0.07906	0.065804	0.002268	4.607608	0
102000	1.0044003866	0.16924	0.07903	6.232281	0.002198	4.603488	0
103000	1.0041223425	0.16924	0.07906	6.119504	0.002059	4.597680	0
104000	1.0029984829	0.16929	0.07898	6.027184	0.001498	4.588761	0
105000	0.9978162253	0.16962	0.07876	6.016847	-0.001093	4.557478	0
106000	0.9958625238	0.16982	0.07869	6.101760	-0.002071	4.544255	0
107000	0.9956378069	0.16982	0.07868	6.211854	-0.002184	4.539201	0
108000	0.9956528669	0.16985	0.07864	0.045927	-0.002176	4.534807	0
109000	0.9957949837	0.16980	0.07866	0.159339	-0.002105	4.530180	-1
110000	0.9967317858	0.16955	0.07881	0.255667	-0.001635	4.523942	-1
111000	0.9972178007	0.16839	0.08088	0.317582	-0.001392	4.526818	-1
112000	0.9944550255	0.16840	0.08153	0.430186	-0.002776	4.543104	-1
113000	0.9938407722	0.16835	0.08158	0.584525	-0.003084	4.545456	-1
114000	0.9934828190	0.16828	0.08160	0.750644	-0.003264	4.547772	-1
115000	0.9933731077	0.16829	0.08161	0.922509	-0.003319	4.548812	-1
116000	0.9934423276	0.16842	0.08161	1.094826	-0.003284	4.549367	-1
117000	0.9934449039	0.16836	0.08162	1.264572	-0.003283	4.549831	-1
118000	0.9935545529	0.16848	0.08162	1.432907	-0.003228	4.549775	-1
119000	0.9935488622	0.16845	0.08162	1.600315	-0.003231	4.550298	-1
120000	0.9936401122	0.16839	0.08163	1.766476	-0.003185	4.550250	-1
121000	0.9936441127	0.16832	0.08164	1.932883	-0.003183	4.551263	-1
122000	0.9937044128	0.16830	0.08165	2.097800	-0.003153	4.551030	-1
123000	0.9938145305	0.16840	0.08164	2.259964	-0.003098	4.552719	-1
124000	0.9939576595	0.16839	0.08165	2.419573	-0.003026	4.553250	-1
125000	0.9940004520	0.16846	0.08165	2.575433	-0.003004	4.553182	-1
126000	0.9940252790	0.16841	0.08166	2.731236	-0.002992	4.553260	-1
127000	0.9939929350	0.16834	0.08167	2.886313	-0.003008	4.553590	-1
128000	0.9940217057	0.16834	0.08167	3.042807	-0.002994	4.554195	-1
129000	0.9940033831	0.16835	0.08168	3.199634	-0.003003	4.555402	-1
130000	0.9939862400	0.16832	0.08168	3.355799	-0.003011	4.555644	-1
131000	0.9940511836	0.16845	0.08169	3.511052	-0.002979	4.555711	-1
132000	0.9939502859	0.16844	0.08169	3.666154	-0.003030	4.556102	-1
133000	0.9939397792	0.16840	0.08170	3.822231	-0.003035	4.556047	-1
134000	0.9938302031	0.16835	0.08171	3.981470	-0.003090	4.556740	-1
135000	0.9937436770	0.16835	0.08172	4.143049	-0.003133	4.556469	-1
136000	0.9936400083	0.16837	0.08172	4.307996	-0.003185	4.558197	-1
137000	0.9936617096	0.16838	0.08173	4.474598	-0.003174	4.558947	-1
138000	0.9935937996	0.16845	0.08173	4.639977	-0.003208	4.559091	-1
139000	0.9935430051	0.16845	0.08175	4.807282	-0.003234	4.559034	-1
140000	0.9934619842	0.16839	0.08175	4.975233	-0.003274	4.559264	-1
141000	0.9934552338	0.16841	0.08176	5.145574	-0.003278	4.560092	-1
142000	0.9933376841	0.16831	0.08177	5.317612	-0.003337	4.560871	-1
143000	0.9934418528	0.16825	0.08177	5.490334	-0.003285	4.561394	-1
144000	0.9937686948	0.16839	0.08177	5.658789	-0.003121	4.563387	-1
145000	0.9942066547	0.16844	0.08176	5.816662	-0.002901	4.565412	-1
146000	0.9961514202	0.16829	0.08167	5.944070	-0.001926	4.574167	-1
147000	1.0049520382	0.16822	0.08073	5.909846	0.002473	4.624110	-1
148000	1.0061783735	0.16820	0.08069	5.764814	0.003084	4.629556	-1
149000	1.0065129743	0.16828	0.08068	5.601712	0.003251	4.630539	-1
150000	1.0068045877	0.16828	0.08068	5.431271	0.003396	4.631802	-1
151000	1.0067673534	0.16820	0.08069	5.259210	0.003378	4.633063	-1
152000	1.0067014964	0.16816	0.08070	5.087474	0.003345	4.633498	-1
153000	1.0066589856	0.16821	0.08070	4.915993	0.003324	4.633258	-1
154000	1.0066749551	0.16820	0.08071	4.744923	0.003332	4.633798	-1
155000	1.0066960684	0.16830	0.08071	4.574016	0.003342	4.634611	-1
156000	1.0065144517	0.16822	0.08072	4.405019	0.003252	4.635487	-1
157000	1.0064055914	0.16822	0.08073	4.239844	0.003198	4.635116	-1
158000	1.0063707785	0.16823	0.08073	4.076964	0.003180	4.635469	-1
159000	1.0063606975	0.16823	0.08075	3.914886	0.003175	4.635652	-1
160000	1.0062937805	0.16831	0.08075	3.753137	0.003142	4.637386	-1
161000	1.0061861612	0.16824	0.08076	3.591923	0.003088	4.637220	-1
162000	1.0061625243	0.16826	0.08076	3.432704	0.003076	4.637321	-1
163000	1.0061689952	0.16820	0.08077	3.274549	0.003080	4.637781	-1
164000	1.0062168955	0.16835	0.08077	3.116579	0.003104	4.638083	-1
165000	1.0061468433	0.16824	0.08079	2.957873	0.003069	4.639007	-1
166000	1.0061485663	0.16823	0.08079	2.800256	0.003070	4.638804	-1
167000	1.0061847922	0.16818	0.08080	2.642216	0.003088	4.639681	-1
168000	1.0062517970	0.16824	0.08080	2.482517	0.003121	4.639429	-1
169000	1.0064004705	0.16834	0.08080	2.320468	0.003195	4.640423	-1
170000	1.0064376075	0.16829	0.08080	2.155036	0.003214	4.640330	-1
171000	1.0064741771	0.16824	0.08081	1.990255	0.003232	4.641336	-1
172000	1.0065253967	0.16822	0.08082	1.824756	0.003257	4.641198	-1
173000	1.0066611992	0.16829	0.08082	1.657100	0.003325	4.641347	-1
174000	1.0067209794	0.16825	0.08083	1.485955	0.003355	4.641339	-1
175000	1.0068007603	0.16833	0.08082	1.312618	0.003395	4.643203	-1
176000	1.0067582156	0.16822	0.08084	1.139157	0.003373	4.643795	-1
177000	1.0067577830	0.16826	0.08084	0.966236	0.003373	4.643851	-1
178000	1.0066903944	0.16820	0.08085	0.794358	0.003340	4.644170	-1
179000	1.0065625490	0.16832	0.08086	0.624839	0.003276	4.644981	-1
180000	1.0059199818	0.16829	0.08089	0.465110	0.002956	4.649461	-1
181000	1.0027685306	0.16831	0.08143	0.334118	0.001383	4.666340	-1
182000	0.9984409082	0.16658	0.08487	0.317038	-0.000780	4.694097	-1
183000	0.9943261899	0.16643	0.08589	0.433961	-0.002841	4.717998	-1
184000	0.9936157649	0.16651	0.08593	0.592496	-0.003197	4.721383	-1
185000	0.9933967741	0.16647	0.08594	0.761634	-0.003307	4.721919	-1
186000	0.9932219886	0.16639	0.08596	0.937850	-0.003395	4.723155	-1
187000	0.9932011190	0.16641	0.08597	1.115845	-0.003405	4.724860	-1
188000	0.9932233298	0.16648	0.08597	1.292775	-0.003394	4.725010	-1
189000	0.9933409489	0.16647	0.08598	1.468099	-0.003335	4.725849	-1
190000	0.9933801535	0.16649	0.08598	1.639815	-0.003315	4.725911	-1
191000	0.9935065268	0.16652	0.08598	1.809570	-0.003252	4.725997	-1
192000	0.9935085865	0.16646	0.08599	1.978016	-0.003251	4.725915	-1
193000	0.9935916565	0.16645	0.08599	2.145369	-0.003209	4.726670	-1
194000	0.9935771899	0.16638	0.08601	2.313215	-0.003217	4.727379	-1
195000	0.9936267442	0.16635	0.08601	2.479958	-0.003192	4.727600	-1
196000	0.9937789662	0.16646	0.08601	2.643304	-0.003115	4.728414	-1
197000	0.9938579939	0.16655	0.08601	2.804620	-0.003076	4.728951	-1
198000	0.9938898913	0.16648	0.08602	2.963271	-0.003060	4.728699	-1
199000	0.9938612704	0.16647	0.08603	3.122848	-0.003074	4.728966	-1
200000	0.9937667228	0.16635	0.08605	3.282708	-0.003122	4.729455	-1
201000	0.9937558252	0.16644	0.08605	3.445388	-0.003127	4.729460	-1
202000	0.9937643963	0.16642	0.08605	3.608843	-0.003123	4.731265	-1
203000	0.9937177778	0.16645	0.08606	3.771661	-0.003146	4.731254	-1
204000	0.9937369291	0.16652	0.08606	3.934644	-0.003137	4.731480	-1
205000	0.9936144281	0.16649	0.08607	4.098108	-0.003198	4.731163	-1
206000	0.9935859572	0.16651	0.08608	4.263209	-0.003212	4.732032	-1
207000	0.9934374883	0.16645	0.08609	4.431928	-0.003287	4.732095	-1
208000	0.9933683383	0.16644	0.08610	4.603444	-0.003321	4.732213	-1
209000	0.9932761232	0.16639	0.08611	4.778535	-0.003368	4.733708	-1
210000	0.9932749347	0.16652	0.08611	4.955011	-0.003368	4.734660	-1
211000	0.9932897610	0.16650	0.08612	5.129366	-0.003361	4.734749	-1
212000	0.9933350421	0.16653	0.08612	5.303757	-0.003338	4.735147	-1
213000	0.9933663329	0.16646	0.08613	5.476085	-0.003322	4.735563	-1
214000	0.9935485608	0.16655	0.08613	5.646566	-0.003231	4.736075	-1
215000	0.9939318860	0.16630	0.08613	5.809887	-0.003039	4.738842	0
216000	0.9962432985	0.16629	0.08584	5.948021	-0.001880	4.750929	0
217000	0.9977646641	0.16859	0.08189	5.993109	-0.001118	4.764376	0
218000	0.9960621706	0.16889	0.08135	6.074112	-0.001971	4.752560	0
219000	0.9952610101	0.16890	0.08129	6.191573	-0.002372	4.745804	0
220000	0.9949617542	0.16887	0.08131	0.035319	-0.002522	4.741938	0
221000	0.9953225509	0.16877	0.08133	0.159986	-0.002342	4.736566	0
222000	0.9971730966	0.16860	0.08156	0.263074	-0.001415	4.724615	0
223000	1.0023390226	0.16687	0.08454	0.285540	0.001169	4.696422	0
224000	1.0039761627	0.16636	0.08489	0.204559	0.001986	4.683380	0
225000	1.0048657089	0.16636	0.08493	0.085748	0.002430	4.676378	0
226000	1.0050388885	0.16629	0.08493	6.243104	0.002516	4.671903	0
227000	1.0045038472	0.16628	0.08491	6.121123	0.002249	4.666720	0
228000	1.0023714096	0.16637	0.08480	6.020327	0.001185	4.651435	0
229000	0.9973686211	0.16737	0.08416	6.024233	-0.001317	4.618674	0
230000	0.9955206544	0.16718	0.08391	6.131722	-0.002242	4.605313	0
231000	0.9950897106	0.16726	0.08388	6.256705	-0.002458	4.599762	0
232000	0.9950185577	0.16716	0.08387	0.102476	-0.002494	4.595826	0
233000	0.9959289612	0.16704	0.08394	0.221574	-0.002038	4.589471	-1
234000	0.9970473662	0.16594	0.08568	0.303835	-0.001477	4.585480	-1
235000	0.9944222836	0.16597	0.08642	0.418038	-0.002793	4.600505	-1
236000	0.9935472208	0.16582	0.08647	0.577139	-0.003232	4.604640	-1
237000	0.9932986287	0.16582	0.08649	0.749753	-0.003356	4.605717	-1
238000	0.9930908028	0.16580	0.08651	0.928070	-0.003461	4.607895	-1
239000	0.9930722508	0.16579	0.08651	1.108626	-0.003470	4.607663	-1
240000	0.9932298668	0.16594	0.08651	1.287440	-0.003391	4.609090	-1
241000	0.9932243787	0.16587	0.08652	1.463749	-0.003394	4.609381	-1
242000	0.9933453539	0.16597	0.08652	1.637307	-0.003333	4.609319	-1
243000	0.9934051586	0.16588	0.08653	1.809790	-0.003303	4.609318	-1
244000	0.9934689449	0.16596	0.08653	1.980357	-0.003271	4.609575	-1
245000	0.9934483265	0.16585	0.08655	2.151640	-0.003281	4.610285	-1
246000	0.9935022336	0.16582	0.08655	2.321567	-0.003254	4.611570	-1
247000	0.9935687832	0.16579	0.08655	2.489709	-0.003221	4.612071	-1
248000	0.9936799387	0.16595	0.08656	2.655744	-0.003165	4.612154	-1
249000	0.9937093172	0.16590	0.08656	2.818365	-0.003150	4.612432	-1
250000	0.9937904752	0.16590	0.08657	2.980469	-0.003110	4.612374	-1
251000	0.9937021593	0.16584	0.08657	3.142674	-0.003154	4.612896	-1
252000	0.9937268995	0.16586	0.08658	3.306223	-0.003142	4.612410	-1
253000	0.9936344761	0.16579	0.08659	3.471865	-0.003188	4.614121	-1
254000	0.9935648882	0.16574	0.08660	3.638806	-0.003223	4.614309	-1
255000	0.9936430821	0.16592	0.08660	3.804628	-0.003184	4.615033	-1
256000	0.9935688225	0.16585	0.08661	3.970696	-0.003221	4.614946	-1
257000	0.9935440425	0.16596	0.08661	4.137006	-0.003233	4.615060	-1
258000	0.9934396882	0.16590	0.08663	4.306408	-0.003286	4.615444	-1
259000	0.9932780660	0.16584	0.08664	4.478146	-0.003367	4.615509	-1
260000	0.9932183479	0.16580	0.08665	4.654495	-0.003397	4.616152	-1
261000	0.9931469921	0.16588	0.08666	4.832638	-0.003432	4.617710	-1
262000	0.9931117533	0.16586	0.08666	5.011168	-0.003450	4.618121	-1
263000	0.9931991328	0.16591	0.08667	5.189194	-0.003406	4.618454	-1
264000	0.9931707246	0.16589	0.08667	5.365574	-0.003421	4.618983	-1
265000	0.9933520075	0.16595	0.08667	5.540438	-0.003330	4.619016	-1
266000	0.9935973471	0.16588	0.08666	5.711748	-0.003207	4.620688	-1
267000	0.9944010088	0.16593	0.08666	5.871724	-0.002803	4.624092	-1
268000	0.9990199905	0.16585	0.08600	5.971567	-0.000490	4.651030	-1
269000	1.0060664466	0.16640	0.08438	5.857320	0.003029	4.690669	-1
270000	1.0067876576	0.16647	0.08435	5.691542	0.003388	4.693437	-1
271000	1.0070584029	0.16654	0.08435	5.513116	0.003523	4.694976	-1
272000	1.0070758103	0.16648	0.08436	5.332192	0.003532	4.696206	-1
273000	1.0070505991	0.16638	0.08437	5.151695	0.003519	4.696726	-1
274000	1.0070092028	0.16637	0.08437	4.972301	0.003498	4.696514	-1
275000	1.0069727951	0.16643	0.08438	4.793596	0.003480	4.697283	-1
276000	1.0070014441	0.16653	0.08438	4.614943	0.003495	4.697310	-1
277000	1.0068543536	0.16644	0.08440	4.437704	0.003421	4.698621	-1
278000	1.0067211321	0.16634	0.08441	4.263078	0.003355	4.698579	-1
279000	1.0066452868	0.16642	0.08441	4.090746	0.003317	4.699004	-1
280000	1.0066230179	0.16641	0.08442	3.920353	0.003306	4.698905	-1
281000	1.0066617448	0.16654	0.08442	3.750781	0.003325	4.699362	-1
282000	1.0065197241	0.16639	0.08444	3.582291	0.003255	4.700237	-1
283000	1.0064591576	0.16643	0.08445	3.415990	0.003224	4.700362	-1
284000	1.0064531231	0.16640	0.08446	3.250303	0.003221	4.700687	-1
285000	1.0065027336	0.16644	0.08446	3.084029	0.003246	4.700296	-1
286000	1.0065800055	0.16650	0.08446	2.916468	0.003285	4.701725	-1
287000	1.0065371014	0.16646	0.08447	2.747570	0.003263	4.701846	-1
288000	1.0065651921	0.16648	0.08447	2.579847	0.003277	4.702476	-1
289000	1.0066402909	0.16641	0.08448	2.411832	0.003315	4.702030	-1
290000	1.0067388825	0.16647	0.08448	2.241903	0.003364	4.702480	-1
291000	1.0068298990	0.16648	0.08449	2.068864	0.003409	4.703774	-1
292000	1.0068759577	0.16655	0.08449	1.893138	0.003432	4.704127	-1
293000	1.0069127519	0.16640	0.08450	1.716909	0.003450	4.704384	-1
294000	1.0069752683	0.16642	0.08450	1.539273	0.003482	4.704468	-1
295000	1.0071029728	0.16645	0.08451	1.360186	0.003545	4.704791	-1
296000	1.0071143334	0.16653	0.08451	1.178817	0.003551	4.704780	-1
297000	1.0070998113	0.16648	0.08452	0.997965	0.003544	4.706797	-1
298000	1.0069855045	0.16641	0.08453	0.818547	0.003487	4.707127	-1
299000	1.0067889762	0.16640	0.08454	0.641937	0.003389	4.708283	-1
300000	1.0063682824	0.16650	0.08457	0.472427	0.003179	4.709336	-1
301000	1.0043209747	0.16657	0.08475	0.329620	0.002158	4.720257	-1
302000	0.9955924642	0.16471	0.08909	0.330396	-0.002206	4.774202	-1
303000	0.9936929446	0.16492	0.08926	0.474020	-0.003159	4.784170	-1
304000	0.9933376431	0.16494	0.08928	0.643524	-0.003337	4.785321	-1
305000	0.9931510786	0.16496	0.08929	0.821305	-0.003430	4.786269	-1
306000	0.9930083298	0.16483	0.08931	1.000966	-0.003502	4.787183	-1
307000	0.9930203171	0.16491	0.08931	1.182849	-0.003496	4.787225	-1
308000	0.9929613319	0.16477	0.08933	1.364574	-0.003526	4.788613	-1
309000	0.9930381694	0.16481	0.08933	1.546460	-0.003487	4.788690	-1
310000	0.9931808152	0.16493	0.08934	1.726583	-0.003415	4.790306	-1
311000	0.9932225470	0.16488	0.08934	1.903870	-0.003395	4.789831	-1
312000	0.9933898149	0.16492	0.08934	2.078354	-0.003311	4.790283	-1
313000	0.9933950394	0.16491	0.08935	2.250492	-0.003308	4.790186	-1
314000	0.9934644434	0.16498	0.08935	2.420356	-0.003273	4.790422	-1
315000	0.9934701594	0.16481	0.08937	2.589863	-0.003270	4.790644	-1
316000	0.9934927691	0.16483	0.08937	2.758529	-0.003259	4.791127	-1
317000	0.9934878439	0.16482	0.08938	2.928143	-0.003261	4.792398	-1
318000	0.9936042287	0.16493	0.08938	3.097377	-0.003203	4.792855	-1
319000	0.9936007910	0.16486	0.08939	3.264196	-0.003205	4.793232	-1
320000	0.9935960000	0.16495	0.08939	3.431524	-0.003207	4.793185	-1
321000	0.9935069289	0.16484	0.08941	3.598461	-0.003252	4.793160	-1
322000	0.9935081296	0.16490	0.08941	3.766756	-0.003251	4.793086	-1
323000	0.9933347877	0.16479	0.08943	3.937535	-0.003338	4.794645	-1
324000	0.9932691007	0.16480	0.08944	4.111515	-0.003371	4.794271	-1
325000	0.9933034971	0.16487	0.08944	4.286894	-0.003354	4.795793	-1
326000	0.9931898915	0.16488	0.08945	4.463404	-0.003411	4.795647	-1
327000	0.9931767433	0.16499	0.08945	4.640312	-0.003418	4.796170	-1
328000	0.9931312941	0.16491	0.08946	4.818804	-0.003440	4.796001	-1
329000	0.9930881996	0.16495	0.08947	4.997395	-0.003462	4.796472	-1
330000	0.9929969739	0.16490	0.08948	5.178679	-0.003508	4.796561	-1
331000	0.9929514621	0.16482	0.08949	5.360621	-0.003531	4.798099	-1
332000	0.9930626718	0.16475	0.08950	5.543299	-0.003475	4.798785	-1
333000	0.9933706128	0.16487	0.08949	5.721406	-0.003320	4.800832	-1
334000	0.9942658454	0.16477	0.08944	5.884818	-0.002871	4.804554	0
335000	0.9972337668	0.16585	0.08745	5.992814	-0.001384	4.823209	0
336000	0.9956600418	0.16625	0.08689	6.086471	-0.002172	4.812919	0
337000	0.9949552719	0.16625	0.08682	6.213919	-0.002526	4.805440	0
338000	0.9948241471	0.16617	0.08686	0.065115	-0.002591	4.802651	0
339000	0.9952872964	0.16605	0.08688	0.193449	-0.002359	4.796221	0
340000	0.9987364075	0.16540	0.08762	0.283141	-0.000632	4.774430	0
341000	1.0042438318	0.16353	0.09006	0.244616	0.002120	4.739828	0
342000	1.0048510851	0.16339	0.09012	0.128592	0.002423	4.733026	0
343000	1.0051648837	0.16337	0.09013	6.279188	0.002579	4.726778	0
344000	1.0051470723	0.16344	0.09013	6.147614	0.002570	4.723818	0
345000	1.0037170587	0.16324	0.09006	6.033933	0.001857	4.712819	0
346000	0.9968045714	0.16455	0.08808	6.014754	-0.001599	4.669285	0
347000	0.9952028313	0.16485	0.08798	6.119206	-0.002402	4.656477	0
348000	0.9950391548	0.16486	0.08792	6.249241	-0.002484	4.651493	0
349000	0.9950868025	0.16469	0.08793	0.098557	-0.002460	4.646767	0
350000	0.9954285407	0.16452	0.08797	0.222772	-0.002288	4.641071	-1
351000	0.9967621170	0.16336	0.08969	0.311624	-0.001620	4.635297	-1
352000	0.9938540211	0.16335	0.09038	0.441983	-0.003078	4.651910	-1
353000	0.9933242968	0.16341	0.09042	0.609386	-0.003343	4.654830	-1
354000	0.9930674355	0.16336	0.09043	0.786427	-0.003472	4.655222	-1
355000	0.9930194019	0.16339	0.09044	0.968326	-0.003496	4.655833	-1
356000	0.9928992084	0.16326	0.09046	1.152204	-0.003557	4.656609	-1
357000	0.9929316322	0.16332	0.09046	1.336319	-0.003541	4.657238	-1
358000	0.9930348971	0.16332	0.09047	1.518845	-0.003489	4.658720	-1
359000	0.9930842597	0.16331	0.09046	1.698959	-0.003464	4.658876	-1
360000	0.9932507861	0.16339	0.09047	1.875769	-0.003380	4.659149	-1
361000	0.9933299261	0.16348	0.09047	2.051209	-0.003341	4.659032	-1
362000	0.9934153085	0.16339	0.09048	2.224275	-0.003298	4.659454	-1
363000	0.9934226990	0.16337	0.09049	2.397106	-0.003294	4.659612	-1
364000	0.9933764634	0.16324	0.09051	2.568094	-0.003317	4.660611	-1
365000	0.9934311053	0.16328	0.09051	2.739457	-0.003290	4.660199	-1
366000	0.9935160275	0.16334	0.09051	2.909077	-0.003247	4.662117	-1
367000	0.9935230226	0.16335	0.09051	3.076528	-0.003244	4.661706	-1
368000	0.9935956251	0.16344	0.09052	3.243859	-0.003207	4.662030	-1
369000	0.9935209728	0.16336	0.09053	3.411354	-0.003245	4.661814	-1
370000	0.9935384329	0.16345	0.09053	3.579682	-0.003236	4.662433	-1
371000	0.9934102827	0.16331	0.09055	3.749888	-0.003300	4.662637	-1
372000	0.9933663216	0.16333	0.09055	3.921317	-0.003322	4.662531	-1
373000	0.9932767052	0.16326	0.09056	4.095030	-0.003367	4.664208	-1
374000	0.9932194102	0.16341	0.09057	4.270603	-0.003396	4.664395	-1
375000	0.9932315469	0.16339	0.09057	4.445910	-0.003390	4.664946	-1
376000	0.9931828007	0.16344	0.09058	4.623881	-0.003414	4.664947	-1
377000	0.9930761046	0.16338	0.09059	4.803008	-0.003468	4.665302	-1
378000	0.9930498618	0.16344	0.09060	4.984423	-0.003481	4.665001	-1
379000	0.9929277372	0.16330	0.09061	5.166555	-0.003542	4.666318	-1
380000	0.9929725027	0.16330	0.09062	5.349796	-0.003520	4.666202	-1
381000	0.9930221556	0.16330	0.09062	5.532254	-0.003495	4.668517	-1
382000	0.9932226356	0.16325	0.09062	5.710867	-0.003394	4.668781	-1
383000	0.9940972144	0.16338	0.09058	5.876364	-0.002956	4.673135	-1
384000	1.0002396451	0.16439	0.08819	5.978360	0.000120	4.708775	-1
385000	1.0062184185	0.16545	0.08631	5.875679	0.003104	4.742115	-1
386000	1.0069481425	0.16543	0.08629	5.705577	0.003468	4.745152	-1
387000	1.0071507310	0.16542	0.08629	5.524483	0.003569	4.746964	-1
388000	1.0071969309	0.16534	0.08629	5.340118	0.003592	4.747809	-1
389000	1.0071953362	0.16533	0.08630	5.154948	0.003591	4.747544	-1
390000	1.0072310729	0.16533	0.08630	4.969899	0.003609	4.747992	-1
391000	1.0072780866	0.16549	0.08630	4.785039	0.003632	4.748488	-1
392000	1.0071118630	0.16541	0.08632	4.601790	0.003550	4.749812	-1
393000	1.0069987267	0.16533	0.08633	4.421298	0.003493	4.749486	-1
394000	1.0069454755	0.16532	0.08634	4.242630	0.003467	4.749796	-1
395000	1.0069160115	0.16536	0.08635	4.064921	0.003452	4.749651	-1
396000	1.0069324732	0.16554	0.08635	3.887701	0.003460	4.750654	-1
397000	1.0067913323	0.16537	0.08637	3.711782	0.003390	4.751164	-1
398000	1.0067267602	0.16535	0.08637	3.539086	0.003358	4.751298	-1
399000	1.0067209024	0.16533	0.08638	3.367937	0.003355	4.751409	-1
400000	1.0067266103	0.16545	0.08638	3.196872	0.003358	4.751305	-1
401000	1.0068002674	0.16549	0.08639	3.024464	0.003394	4.752608	-1
402000	1.0067558383	0.16539	0.08640	2.849785	0.003372	4.752830	-1
403000	1.0067811493	0.16537	0.08640	2.675992	0.003385	4.753253	-1
404000	1.0068031830	0.16541	0.08641	2.502177	0.003396	4.752863	-1
405000	1.0069032793	0.16546	0.08641	2.327245	0.003446	4.753306	-1
406000	1.0070371114	0.16547	0.08642	2.150099	0.003512	4.754331	-1
407000	1.0070956051	0.16548	0.08642	1.969690	0.003541	4.754845	-1
408000	1.0070889022	0.16542	0.08643	1.788982	0.003538	4.754901	-1
409000	1.0071557128	0.16544	0.08643	1.606333	0.003571	4.755063	-1
410000	1.0072651492	0.16539	0.08644	1.421586	0.003626	4.755206	-1
411000	1.0073185582	0.16543	0.08644	1.234431	0.003653	4.755606	-1
412000	1.0073703962	0.16552	0.08644	1.046074	0.003678	4.756819	-1
413000	1.0072522462	0.16548	0.08645	0.859692	0.003620	4.757443	-1
414000	1.0071129978	0.16540	0.08647	0.676412	0.003550	4.758484	-1
415000	1.0067560993	0.16543	0.08648	0.499391	0.003372	4.759535	-1
416000	1.0049742813	0.16553	0.08661	0.343359	0.002484	4.768388	-1
417000	0.9951000402	0.16392	0.09123	0.326130	-0.002453	4.829012	-1
418000	0.9934010958	0.16406	0.09136	0.478578	-0.003305	4.837834	-1
419000	0.9929651928	0.16406	0.09138	0.657065	-0.003524	4.839348	-1
420000	0.9927536552	0.16404	0.09140	0.844455	-0.003630	4.840184	-1
421000	0.9926296119	0.16396	0.09140	1.034373	-0.003692	4.840593	-1
422000	0.9926275796	0.16399	0.09142	1.227057	-0.003693	4.841520	-1
423000	0.9926359621	0.16393	0.09144	1.418823	-0.003689	4.843160	-1
424000	0.9927190698	0.16394	0.09143	1.608667	-0.003647	4.843148	-1
425000	0.9928845263	0.16403	0.09144	1.796033	-0.003564	4.843924	-1
426000	0.9929188632	0.16406	0.09144	1.980275	-0.003547	4.843839	-1
427000	0.9930898212	0.16406	0.09144	2.162573	-0.003461	4.844225	-1
428000	0.9930934908	0.16401	0.09145	2.343446	-0.003459	4.844281	-1
429000	0.9931583975	0.16403	0.09145	2.522685	-0.003427	4.844361	-1
430000	0.9931461897	0.16397	0.09147	2.701768	-0.003433	4.844278	-1
431000	0.9931686217	0.16395	0.09147	2.879358	-0.003422	4.844991	-1
432000	0.9931212728	0.16392	0.09149	3.057756	-0.003445	4.846341	-1
433000	0.9932139686	0.16403	0.09149	3.235933	-0.003399	4.847018	-1
434000	0.9932126503	0.16399	0.09150	3.412196	-0.003400	4.846802	-1
435000	0.9931974685	0.16409	0.09150	3.589807	-0.003407	4.847356	-1
436000	0.9931044431	0.16400	0.09151	3.767742	-0.003454	4.847178	-1
437000	0.9931067295	0.16405	0.09151	3.947236	-0.003453	4.847160	-1
438000	0.9929340197	0.16391	0.09153	4.128478	-0.003539	4.847724	-1
439000	0.9928718333	0.16401	0.09154	4.312176	-0.003571	4.847745	-1
440000	0.9927871700	0.16391	0.09156	4.498885	-0.003613	4.849645	-1
441000	0.9927013072	0.16389	0.09156	4.687844	-0.003656	4.849514	-1